10 1e-10 3e-4 3e-4 1e-4 4e-1 1e-3 5e-1 1.1
10 1e-10 3.5e-4 3.5e-4 1e-4 4e-1 1e-3 5e-1 1.6
10 1e-10 5e-4 5e-4 1e-4 4e-1 1e-3 5e-1 1.6
10 1e-10 5e-4 5e-4 1e-4 4e-1 1e-3 5e-1 1.1
10 1e-10 2e-3 2e-3 1e-4 4e-1 1e-3 5e-1 1.1
10 1e-10 3e-4 3e-4 1e-4 4e-1 1e-3 5e-1 1.6
10 1e-10 1e-3 1e-3 1e-4 4e-1 1e-3 5e-1 1.6
10 1e-10 1e-2 1e-2 1e-4 4e-1 1e-3 5e-1 1.2
10 1e-10 1e-2 1e-2 1e-4 4e-1 1e-3 5e-1 1.4
10 1e-10 5e-2 5e-2 1e-4 4e-1 1e-3 5e-1 1.4
10 1e-10 5e-3 5e-3 1e-4 4e-1 1e-3 5e-1 1.4
10 1e-10 5e-3 5e-3 5e-2 1e-4 1e-3 5e-1 1.4
10 1e-10 7e-3 7e-3 5e-2 1e-4 1e-3 5e-1 1.4
10 1e-10 1e-2 1e-2 5e-2 1e-4 1e-3 5e-1 1.4
10 1e-10 2e-3 2e-3 5e-2 1e-4 1e-3 5e-1 1.4
10 1e-10 1e-3 1e-3 5e-2 1e-4 5e-3 5e-1 1.4
10 1e-10 1e-2 1e-2 5e-2 1e-4 5e-3 5e-1 1.4
10 1e-10 7e-3 7e-3 5e-2 1e-4 1e-3 5e-1 1.2
10 1e-10 7e-3 7e-3 5e-2 1e-4 1e-4 1e-1 1.4
10 1e-10 5e-3 5e-3 5e-2 1e-4 5e-4 1e-2 1.4
10 1e-10 7e-3 7e-3 5e-2 1e-4 5e-4 1e-2 1.6
10 1e-10 1e-2 1e-2 5e-2 1e-4 5e-4 1e-2 1.6
10 1e-10 7e-3 7e-3 5e-2 1e-4 5e-4 1e-3 1.6
10 1e-10 5e-3 5e-3 5e-2 1e-4 5e-4 1e-3 1.6
10 1e-10 1e-2 1e-2 5e-2 1e-4 1e-4 1e-4 1.6
% tol_iter tol_error sig_ini sig_bg sig_max_ sig_min_ beta_dc momentum kk_factor