20 1e-10 1.5385e-04 9.0201e-04 0.0438 1.2944e-04 1e-2 0.5 2
20 1e-10 3e-4 1e-3 5e-2 1e-4 1e-2 5e-1 2
20 1e-10 1e-3 1e-3 5e-2 1e-4 1e-2 5e-1 2
20 1e-10 1e-3 1e-3 1e-2 2e-4 1e-2 5e-1 2
20 1e-10 1e-3 0 5e-2 1e-4 0 5e-1 2
20 1e-10 1e-3 0 1e-2 2e-4 0 5e-1 2
20 1e-10 1e-3 1e-3 5e-2 1e-4 1e-2 5e-1 3
20 1e-10 1e-3 1e-3 4e-2 2e-4 1e-2 5e-1 2
20 1e-10 1e-3 1e-3 4e-2 1e-4 1e-2 5e-1 2.5
20 1e-10 1e-3 1e-3 4e-2 1e-4 1e-2 5e-1 2
20 1e-10 1.5e-3 1.5e-3 4e-2 1e-4 1e-2 5e-1 2
20 1e-10 1.5e-3 1.5e-3 4e-2 1e-4 1e-2 5e-1 3
20 1e-10 1.5e-3 1.5e-3 9e-3 1e-4 1e-2 5e-1 2
20 1e-10 2e-3 2e-3 4e-2 1e-4 1e-2 5e-1 2
20 1e-10 2e-3 2e-3 9e-3 1e-4 1e-2 5e-1 2
20 1e-10 2e-3 2e-3 5e-3 1e-4 1e-2 5e-1 2
20 1e-10 5e-3 5e-3 9e-3 1e-4 1e-2 5e-1 2
50 1e-10 1.5e-3 1.5e-3 4e-2 1e-4 1e-2 5e-1 2
50 1e-10 2e-3 2e-3 9e-3 1e-4 1e-2 5e-1 2
50 1e-10 1.7e-3 1.7e-3 9e-3 1e-4 1e-2 5e-1 2
50 1e-10 1.8e-3 1.8e-3 9e-3 1e-4 1e-2 5e-1 2
50 1e-10 1.8e-3 1.8e-3 9e-3 1e-4 1e-2 5e-1 1.6
50 1e-10 1.8e-3 1.8e-3 9e-3 1e-4 1e-2 5e-1 2.5
50 1e-10 1.8e-3 1.8e-3 9e-3 1e-4 1e-5 5e-1 2
50 1e-10 1.8e-3 1.8e-3 9e-3 1e-4 1e-1 5e-1 1.6
50 1e-10 1.8e-3 1.8e-3 9e-3 1e-4 1e-3 5e-1 1.6
50 1e-10 2e-4 2e-4 9e-3 1e-4 1e-3 5e-1 1.6
50 1e-10 2e-4 2e-4 9e-3 9e-5 1e-3 5e-1 1.6
50 1e-10 1.8e-3 1.8e-3 9e-3 1e-4 1e-4 5e-1 1.6
9 1e-10 1.5e-3 1.5e-3 9e-3 1e-3 1e-3 5e-1 1.6
50 1e-10 1.8e-3 1.8e-3 9e-3 1e-4 1e-3 5e-1 1.6
50 1e-10 1.5e-3 1.5e-3 9e-3 1e-4 1e-3 5e-1 1.6
50 1e-10 2e-3 2e-3 9e-3 1e-4 1e-3 5e-1 1.6
10 1e-10 2e-3 2e-3 9e-3 1e-4 1e-3 5e-1 1.6
