5 1e-5 28 5.3 1.8e-3 9e-3 1e-4 1.5 0.1 0.1 2
10 1e-5 28 5.3 1.8e-3 9e-3 1e-4 2 0.1 0.1 2
10 1e-5 28 5.3 1.8e-3 9e-3 1e-4 2 0.1 0.1 3
10 1e-5 28 5.3 1.8e-3 9e-3 1e-4 2.5 0.1 0.1 2
10 1e-5 28 5.3 1.8e-3 9e-3 1e-4 2.5 0.1 0.1 3
10 1e-5 28 5.3 1.8e-3 9e-3 1e-4 2 0 0 2
10 1e-5 28 5.3 2e-4 9e-3 1e-4 2 0.1 0.1 3
10 1e-5 28 5.3 2e-4 9e-3 1e-4 2 0.1 0.5 3
10 1e-5 28 5.8 1.8e-3 9e-3 1e-4 1.5 0.1 0.1 3
10 1e-5 28 6 1.8e-3 9e-3 1e-4 1.7 0.1 0.1 3
10 1e-5 28 6 1.8e-3 9e-3 1e-4 1.3 0.1 0.1 3
10 1e-5 28 6 1.8e-3 9e-3 1e-4 1.5 0.5 0.5 3
10 1e-5 28 6 1.8e-3 9e-3 1e-4 1.5 0 0 3
