30 1e-5 1e-20 20 1e-3 2e-3 9e-3 5e-5 5 1e-3 5e-1 1.6 0.7 4 1e-2 0 0.95 5 2 3 0.9 1e-2 1e-3 0 0 1e+1
30 1e-5 1e-20 20 1e-3 2e-3 9e-3 5e-5 5 1e-3 5e-1 1.6 0.7 4 1e-3 1e-3 0.95 5 2 3 0.9 1e-2 1e-3 0 0 1e+1
30 1e-5 1e-20 20 1e-3 2e-3 9e-3 5e-5 5 1e-3 5e-1 1.6 0.7 4 0 1e-3 0.95 5 2 3 0.9 1e-2 1e-3 0 0 1e+1
30 1e-5 1e-20 20 1e-3 2e-3 9e-3 5e-5 5 1e-3 5e-1 1.6 0.7 4 0 0 0.95 5 2 3 0.9 1e-2 1e-3 0 0 1e+1
30 1e-5 1e-20 20 1e-3 2e-3 9e-3 5e-5 5 1e-3 5e-1 1.6 0.7 4 1e-3 0 0.95 8 2 3 0.9 1e-2 1e-3 0 0 1e+1
30 1e-5 1e-20 20 1e-3 2e-3 9e-3 5e-5 5 1e-3 5e-1 1.6 0.7 4 1e-3 0 0.95 5 2 6 0.9 1e-2 1e-3 0 0 1e+1
30 1e-5 1e-20 20 1e-3 2e-3 9e-3 5e-5 5 1e-3 5e-1 1.6 0.7 4 1e-3 0 0.95 5 3 8 0.9 1e-2 1e-3 0 0 1e+1
30 1e-5 1e-20 20 1e-3 2e-3 9e-3 5e-5 5 1e-3 5e-1 1.6 0.7 4 0 1e-3 0.95 8 2 8 0.9 1e-2 1e-3 0 0 1e+1
30 1e-5 1e-20 20 1e-3 2e-3 9e-3 5e-5 5 1e-2 4e-1 1.6 0.7 4 1e-3 0 0.95 5 5 3 0.9 1e-1 1e-4 1e-4 1e-5 1e+1
30 1e-5 1e-20 20 1e-3 2e-3 9e-3 5e-5 5 1e-3 5e-1 1.6 0.7 4 -3.6e-5 2.1e-3 9.5e-1 -3.5 -5.5 -3.6 0.9 1e-2 1e-3 0 0 1e+1
30 1e-5 1e-20 20 1e-3 2e-3 9e-3 5e-5 5 1e-3 5e-1 1.6 0.7 4 1e-2 2e-3 0.95 0.26 -13.4 -23.4 0.9 1e-2 1e-3 0 0 1e+1
30 1e-5 1e-20 20 1e-3 2e-3 9e-3 5e-5 5 6e-3 5e-1 1.6 0.7 4 -1.5e-2 7e-2 9.3e-1 9.939e-1 9.942e-1 9.940e-1 8.794e-1 1.6e-2 6.1e-3 4e-2 3.2e-2 1e+1
30 1e-5 1e-20 20 1e-3 2e-3 9e-3 5e-5 5 1e-3 5e-1 1.6 0.7 4 0 1e-3 0.95 8 2 10 0.9 1e-2 1e-3 0 0 1e+1
30 1e-5 1e-20 20 1e-3 2e-3 9e-3 5e-5 5 1e-3 5e-1 1.6 0.7 4 1e-2 0 0.95 8 2 10 0.9 1e-2 1e-3 0 0 1e+1
30 1e-5 1e-20 20 1e-3 2e-3 9e-3 5e-5 5 1e-3 5e-1 1.6 0.7 4 1e-2 0 0.95 20 2 30 0.9 1e-2 1e-3 0 0 1e+1
30 1e-5 1e-20 20 2e-3 2e-3 9e-3 5e-5 5 1e-3 5e-1 1.6 0.7 4 1e-2 0 0.95 20 2 30 0.9 1e-2 1e-3 0 0 1e+1
30 1e-5 1e-20 20 1e-3 1e-3 9e-3 5e-5 5 1e-3 5e-1 1.6 0.7 4 0 1e-3 0.95 5 2 3 0.9 1e-2 1e-3 0 0 1e+1
30 1e-5 1e-20 20 1e-3 1e-3 9e-3 5e-5 5 1e-3 5e-1 1.6 0.7 4 1e-2 0 0.95 20 2 30 0.9 1e-2 1e-3 0 0 1e+1
30 1e-5 1e-20 20 1e-3 0 9e-3 5e-5 5 0 5e-1 1.6 0.7 4 1e-2 0 0.95 20 2 30 0.9 1e-2 1e-3 0 0 1e+1
30 1e-5 1e-20 20 1e-3 0 9e-3 5e-5 5 0 5e-1 1.6 0.7 4 0 1e-3 0.95 8 2 10 0.9 1e-2 1e-3 0 0 1e+1
30 1e-5 1e-20 20 2e-3 0 9e-3 5e-5 5 0 5e-1 1.6 0.7 4 0 1e-3 0.95 8 2 10 0.9 1e-2 1e-3 0 0 1e+1
30 1e-5 1e-20 20 2e-3 0 9e-3 5e-5 5 0 5e-1 1.6 0.7 4 0 1e-3 0.95 8 2 10 0.9 1e-2 1e-3 1e-2 1e-3 1e+1
30 1e-5 1e-20 20 2e-3 0 9e-3 5e-5 5 0 5e-1 1.6 0.7 4 0 1e-3 0.75 5 2 3 0.9 1e-2 1e-3 1e-2 1e-3 1e+1
30 1e-5 1e-20 20 2e-3 0 9e-3 5e-5 5 0 5e-1 1.6 0.7 4 0 1e-3 0.95 8 2 13 0.9 1e-2 1e-3 0 0 1e+1
30 1e-5 1e-20 20 2e-3 0 9e-3 5e-5 5 0 5e-1 1.6 0.7 4 0 1e-3 0.75 5 2 13 0.9 1e-2 1e-3 1e-2 1e-3 1e+1
30 1e-5 1e-20 20 2e-3 0 9e-3 5e-5 5 0 5e-1 1.6 0.7 4 0 1e-3 0.95 5 2 13 0.9 1e-2 1e-3 1e-2 1e-3 1e+1
30 1e-5 1e-20 20 2e-3 0 9e-3 5e-5 5 0 5e-1 1.6 0.7 4 0 1e-3 0.75 5 2 18 0.9 1e-2 1e-3 1e-2 1e-3 1e+1
30 1e-5 1e-20 20 2e-3 0 9e-3 5e-5 5 0 5e-1 1.1 0.7 4 0 1e-3 0.95 8 2 20 0.9 1e-2 1e-3 0 0 1e+1
30 1e-5 1e-20 20 2e-3 0 9e-3 5e-5 5 0 5e-1 1.1 0.7 4 0 1e-3 0.95 5 2 20 0.9 1e-2 1e-3 0 0 1e+1
30 1e-5 1e-20 20 2e-3 0 9e-3 5e-5 5 0 5e-1 1.6 0.7 4 0 1e-3 0.95 5 2 13 0.9 2e-1 1e-3 1e-2 1e-3 1e+1
30 1e-5 1e-20 20 2e-3 0 9e-3 5e-5 5 0 5e-1 1.6 0.7 4 1e-3 1e-3 0.95 5 2 13 0.9 2e-1 1e-3 1e-2 1e-3 1e+1
30 1e-5 1e-20 20 2e-3 0 9e-3 5e-5 5 0 5e-1 1.6 0.7 4 0 1e-3 0.95 5 2 13 0.9 2e-1 1e-3 0 0 1e+1
30 1e-5 1e-20 20 2e-3 0 9e-3 5e-5 5 0 5e-1 1.6 0.7 4 1e-4 1e-3 0.95 5 2 13 0.9 1e-2 1e-3 1e-2 1e-3 1e+1
30 1e-5 1e-20 20 2e-3 0 9e-3 5e-5 5 0 5e-1 1.6 0.7 4 5e-4 1e-3 0.95 5 2 13 0.9 1e-2 1e-3 1e-2 1e-3 1e+1
30 1e-5 1e-20 20 2e-3 0 9e-3 5e-5 5 0 5e-1 1.1 0.7 4 5e-4 1e-3 0.95 5 2 13 0.9 0 0 0 0 1e+1
30 1e-5 1e-20 20 2e-3 0 9e-3 5e-5 5 0 5e-1 1.1 0.7 4 0 1e-3 0.75 5 2 20 0.9 1e-2 1e-3 0 0 1e+1
30 1e-5 1e-20 20 2e-3 0 9e-3 5e-5 5 0 5e-1 1.1 0.5 4 0 1e-3 0.75 5 2 13 0.9 1e-2 1e-3 0 0 1e+1
30 1e-5 1e-20 20 2e-3 0 9e-3 5e-5 5 0 5e-1 1.1 0.7 4 0 1e-3 0.95 5 2 13 0.9 1e-2 1e-3 1e-2 1e-3 1e+1
30 1e-5 1e-20 20 2e-3 0 9e-3 5e-5 5 0 5e-1 1.1 0.7 4 0 1e-3 0.95 2 2 13 0.9 1e-2 1e-3 0 0 1e+1
30 1e-5 1e-20 20 2e-3 0 9e-3 5e-5 5 0 5e-1 1.1 0.7 4 0 1e-3 0.75 10 2 5 0.9 1e-2 1e-3 1e-2 1e-3 1e+1
30 1e-5 1e-20 20 2e-3 0 9e-3 5e-5 5 0 5e-1 1.1 0.7 4 0 1e-3 0.95 5 2 13 0.9 0 0 0 0 1e+1
30 1e-5 1e-20 20 2e-3 0 9e-3 5e-5 5 0 0 1.1 0.7 4 0 1e-3 0.95 5 2 13 0.9 0 0 0 0 1e+1
30 1e-5 1e-20 20 2e-3 0 9e-3 5e-5 5 0 0 1.1 0.7 4 0 0 0.95 5 2 13 0.9 0 0 0 0 1e+1
