1.868000000000000000e+03
3.200849999999999909e+03
3.178880000000000109e+03
4.218510000000000218e+03
3.975710000000000036e+03
4.372229999999999563e+03
4.310050000000000182e+03
4.528859999999999673e+03
3.990230000000000018e+03
3.800690000000000055e+03
4.302000000000000000e+03
3.123820000000000164e+03
4.192770000000000437e+03
4.100449999999999818e+03
4.081570000000000164e+03
5.029710000000000036e+03
5.045899999999999636e+03
5.819680000000000291e+03
5.400000000000000000e+03
6.196229999999999563e+03
5.629750000000000000e+03
6.138470000000000255e+03
5.739369999999999891e+03
5.768479999999999563e+03
5.497869999999999891e+03
5.801210000000000036e+03
5.425579999999999927e+03
5.967470000000000255e+03
6.829260000000000218e+03
6.941750000000000000e+03
7.069829999999999927e+03
6.818060000000000400e+03
4.912810000000000400e+03
8.425000000000000000e+02
1.025869999999999891e+03
1.178940000000000055e+03
1.331210000000000036e+03
1.437930000000000064e+03
1.770680000000000064e+03
1.609880000000000109e+03
1.548069999999999936e+03
1.651099999999999909e+03
1.844079999999999927e+03
1.907980000000000018e+03
1.967210000000000036e+03
2.011319999999999936e+03
1.961960000000000036e+03
2.311469999999999800e+03
2.333469999999999800e+03
2.619250000000000000e+03
2.535500000000000000e+03
2.623210000000000036e+03
2.825420000000000073e+03
2.938659999999999854e+03
2.781460000000000036e+03
2.790869999999999891e+03
3.224199999999999818e+03
2.753980000000000018e+03
2.646380000000000109e+03
2.972420000000000073e+03
2.938119999999999891e+03
2.166090000000000146e+03
2.307309999999999945e+03
4.915500000000000114e+02
5.405199999999999818e+02
6.217500000000000000e+02
7.247599999999999909e+02
7.743300000000000409e+02
7.337599999999999909e+02
7.751799999999999500e+02
8.361200000000000045e+02
9.503200000000000500e+02
1.064960000000000036e+03
1.093299999999999955e+03
1.035220000000000027e+03
1.048880000000000109e+03
1.197799999999999955e+03
1.256029999999999973e+03
1.363140000000000100e+03
1.320230000000000018e+03
1.354490000000000009e+03
1.306819999999999936e+03
1.450619999999999891e+03
1.484529999999999973e+03
1.466140000000000100e+03
1.335730000000000018e+03
1.332220000000000027e+03
1.298109999999999900e+03
1.283200000000000045e+03
1.241230000000000018e+03
4.628100000000000023e+02
5.292500000000000000e+02
5.326699999999999591e+02
5.486599999999999682e+02
5.881100000000000136e+02
5.696299999999999955e+02
6.176799999999999500e+02
6.722500000000000000e+02
7.150299999999999727e+02
7.627599999999999909e+02
7.624299999999999500e+02
7.669299999999999500e+02
8.181100000000000136e+02
8.009500000000000455e+02
8.406699999999999591e+02
9.033799999999999955e+02
9.410199999999999818e+02
9.635800000000000409e+02
9.534900000000000091e+02
9.561000000000000227e+02
9.296000000000000227e+02
8.710299999999999727e+02
8.588099999999999454e+02
8.732899999999999636e+02
5.168999999999999773e+02
5.172400000000000091e+02
5.281299999999999955e+02
5.359299999999999500e+02
5.416699999999999591e+02
5.734900000000000091e+02
6.003899999999999864e+02
6.321100000000000136e+02
6.475900000000000318e+02
6.668999999999999773e+02
6.797400000000000091e+02
6.736699999999999591e+02
6.657599999999999909e+02
7.167400000000000091e+02
7.670299999999999727e+02
7.962699999999999818e+02
7.919700000000000273e+02
8.243799999999999955e+02
7.659199999999999591e+02
7.453200000000000500e+02
7.494199999999999591e+02
5.364099999999999682e+02
5.383899999999999864e+02
5.459299999999999500e+02
5.529099999999999682e+02
5.736299999999999955e+02
5.970700000000000500e+02
5.940499999999999545e+02
6.116900000000000546e+02
6.306200000000000045e+02
6.501799999999999500e+02
6.550000000000000000e+02
6.673799999999999955e+02
6.921699999999999591e+02
7.066900000000000546e+02
7.246900000000000546e+02
7.333600000000000136e+02
7.342400000000000091e+02
7.148799999999999955e+02
5.643500000000000227e+02
5.791900000000000546e+02
5.724900000000000091e+02
5.862699999999999818e+02
5.884600000000000364e+02
5.941499999999999773e+02
6.132200000000000273e+02
6.320000000000000000e+02
6.444500000000000455e+02
6.713400000000000318e+02
6.662899999999999636e+02
6.852000000000000455e+02
6.935800000000000409e+02
6.955599999999999454e+02
6.872100000000000364e+02
5.988300000000000409e+02
5.920599999999999454e+02
5.831000000000000227e+02
5.971699999999999591e+02
6.103400000000000318e+02
6.352200000000000273e+02
6.335800000000000409e+02
6.483400000000000318e+02
6.675800000000000409e+02
6.741000000000000227e+02
6.833700000000000045e+02
6.843099999999999454e+02
6.013999999999999773e+02
6.029099999999999682e+02
6.170800000000000409e+02
6.261499999999999773e+02
6.291799999999999500e+02
6.493799999999999955e+02
6.504600000000000364e+02
6.613600000000000136e+02
6.602300000000000182e+02
6.169299999999999500e+02
6.283600000000000136e+02
6.283799999999999955e+02
6.471900000000000546e+02
6.528999999999999773e+02
6.577799999999999727e+02
6.327899999999999636e+02
6.396799999999999500e+02
6.487599999999999909e+02
3.087179999999999836e+03
3.117139999999999873e+03
5.458039999999999964e+03
4.768640000000000327e+03
5.330300000000000182e+03
5.351680000000000291e+03
5.563399999999999636e+03
5.196590000000000146e+03
5.624729999999999563e+03
5.093409999999999854e+03
3.468469999999999800e+03
5.390100000000000364e+03
3.872869999999999891e+03
4.327810000000000400e+03
5.768079999999999927e+03
5.557819999999999709e+03
6.459159999999999854e+03
6.367800000000000182e+03
7.525119999999999891e+03
7.059829999999999927e+03
7.690449999999999818e+03
6.386960000000000036e+03
7.725829999999999927e+03
6.916789999999999964e+03
6.549050000000000182e+03
6.020380000000000109e+03
7.239890000000000327e+03
6.546909999999999854e+03
6.664579999999999927e+03
9.969149999999999636e+03
1.044054999999999927e+04
7.132210000000000036e+03
7.499930000000000291e+03
9.964500000000000455e+02
1.466069999999999936e+03
2.281420000000000073e+03
2.184519999999999982e+03
2.645150000000000091e+03
2.747030000000000200e+03
2.572119999999999891e+03
2.803920000000000073e+03
3.504210000000000036e+03
2.493449999999999818e+03
2.657150000000000091e+03
2.775389999999999873e+03
2.448889999999999873e+03
3.494630000000000109e+03
3.287059999999999945e+03
3.531230000000000018e+03
3.402449999999999818e+03
3.738429999999999836e+03
3.789619999999999891e+03
4.564130000000000109e+03
4.249649999999999636e+03
4.494210000000000036e+03
5.195569999999999709e+03
4.408000000000000000e+03
4.227489999999999782e+03
4.180399999999999636e+03
5.329149999999999636e+03
3.896650000000000091e+03
4.012460000000000036e+03
5.600350000000000364e+03
4.406680000000000291e+03
2.947860000000000127e+03
5.582000000000000455e+02
6.918099999999999454e+02
1.042690000000000055e+03
1.085390000000000100e+03
1.348480000000000018e+03
1.252869999999999891e+03
1.274680000000000064e+03
1.600759999999999991e+03
1.571730000000000018e+03
1.695309999999999945e+03
1.252309999999999945e+03
1.597130000000000109e+03
1.871380000000000109e+03
2.038779999999999973e+03
2.444309999999999945e+03
2.169170000000000073e+03
2.170309999999999945e+03
1.901420000000000073e+03
2.621070000000000164e+03
2.700110000000000127e+03
2.735239999999999782e+03
2.654159999999999854e+03
2.833239999999999782e+03
2.492000000000000000e+03
2.562659999999999854e+03
2.764389999999999873e+03
2.699630000000000109e+03
2.102469999999999800e+03
2.264780000000000200e+03
2.312869999999999891e+03
1.883180000000000064e+03
3.621499999999999773e+02
4.282900000000000205e+02
6.404199999999999591e+02
6.656499999999999773e+02
6.969199999999999591e+02
6.656900000000000546e+02
7.735499999999999545e+02
7.926599999999999682e+02
1.117039999999999964e+03
8.675700000000000500e+02
7.861900000000000546e+02
1.243000000000000000e+03
1.087140000000000100e+03
1.502079999999999927e+03
1.599569999999999936e+03
1.536259999999999991e+03
1.286009999999999991e+03
1.414829999999999927e+03
1.613339999999999918e+03
1.749950000000000045e+03
1.664589999999999918e+03
1.512920000000000073e+03
1.640559999999999945e+03
1.601619999999999891e+03
1.840859999999999900e+03
1.604549999999999955e+03
1.551430000000000064e+03
1.359119999999999891e+03
1.150940000000000055e+03
1.242700000000000045e+03
3.141800000000000068e+02
3.687200000000000273e+02
5.083500000000000227e+02
4.259300000000000068e+02
4.385400000000000205e+02
4.871399999999999864e+02
4.682699999999999818e+02
6.622500000000000000e+02
6.832000000000000455e+02
6.538099999999999454e+02
6.967599999999999909e+02
7.915299999999999727e+02
8.503799999999999955e+02
1.036319999999999936e+03
1.185240000000000009e+03
9.971799999999999500e+02
1.105240000000000009e+03
9.641299999999999955e+02
1.113069999999999936e+03
1.159130000000000109e+03
1.078680000000000064e+03
9.594700000000000273e+02
1.179250000000000000e+03
1.317039999999999964e+03
1.252779999999999973e+03
1.099609999999999900e+03
1.208109999999999900e+03
8.817999999999999545e+02
8.417200000000000273e+02
3.341399999999999864e+02
3.629399999999999977e+02
3.927900000000000205e+02
3.209399999999999977e+02
3.963399999999999750e+02
3.694300000000000068e+02
4.677200000000000273e+02
5.197999999999999545e+02
6.208500000000000227e+02
6.687000000000000455e+02
5.109399999999999977e+02
6.912799999999999727e+02
6.712699999999999818e+02
8.430000000000000000e+02
8.316499999999999773e+02
9.424600000000000364e+02
8.724500000000000455e+02
7.622699999999999818e+02
8.282300000000000182e+02
8.573500000000000227e+02
7.803500000000000227e+02
7.747300000000000182e+02
1.089970000000000027e+03
1.018340000000000032e+03
9.664299999999999500e+02
1.020320000000000050e+03
9.220000000000000000e+02
7.792100000000000364e+02
3.575099999999999909e+02
3.166200000000000045e+02
3.300899999999999750e+02
3.366600000000000250e+02
3.495299999999999727e+02
4.246600000000000250e+02
4.445500000000000114e+02
5.470000000000000000e+02
6.944199999999999591e+02
5.348300000000000409e+02
5.000199999999999818e+02
6.266699999999999591e+02
6.141699999999999591e+02
6.573999999999999773e+02
8.442400000000000091e+02
7.981299999999999955e+02
7.788099999999999454e+02
6.547599999999999909e+02
6.931100000000000136e+02
6.885199999999999818e+02
7.272699999999999818e+02
7.886599999999999682e+02
9.285299999999999727e+02
8.456799999999999500e+02
9.736399999999999864e+02
8.643799999999999955e+02
8.868400000000000318e+02
3.355600000000000023e+02
2.779599999999999795e+02
3.719599999999999795e+02
3.231299999999999955e+02
4.181000000000000227e+02
4.244100000000000250e+02
4.954300000000000068e+02
6.450900000000000318e+02
5.983300000000000409e+02
5.655399999999999636e+02
5.058000000000000114e+02
6.201000000000000227e+02
5.216799999999999500e+02
7.166399999999999864e+02
7.535099999999999909e+02
7.482599999999999909e+02
7.298799999999999955e+02
6.108099999999999454e+02
5.973500000000000227e+02
6.643099999999999454e+02
7.988500000000000227e+02
7.080199999999999818e+02
8.043799999999999955e+02
8.925399999999999636e+02
8.736900000000000546e+02
8.764400000000000546e+02
2.953399999999999750e+02
3.271100000000000136e+02
3.680299999999999727e+02
3.983299999999999841e+02
4.408500000000000227e+02
4.988199999999999932e+02
6.022300000000000182e+02
5.452300000000000182e+02
6.194199999999999591e+02
6.015099999999999909e+02
5.218700000000000045e+02
5.556699999999999591e+02
6.010000000000000000e+02
6.732699999999999818e+02
7.273899999999999864e+02
7.245299999999999727e+02
7.112699999999999818e+02
5.553400000000000318e+02
5.895000000000000000e+02
7.515299999999999727e+02
7.685099999999999909e+02
6.420099999999999909e+02
9.060399999999999636e+02
8.080900000000000318e+02
8.958799999999999955e+02
3.483000000000000114e+02
3.152400000000000091e+02
4.674700000000000273e+02
4.753700000000000045e+02
4.864800000000000182e+02
5.605099999999999909e+02
4.754100000000000250e+02
5.926299999999999955e+02
6.698899999999999864e+02
6.225099999999999909e+02
4.829800000000000182e+02
6.552100000000000364e+02
5.763899999999999864e+02
6.787599999999999909e+02
7.153400000000000318e+02
7.164600000000000364e+02
6.565000000000000000e+02
5.474800000000000182e+02
6.650599999999999454e+02
7.130499999999999545e+02
8.758099999999999454e+02
7.831100000000000136e+02
9.610800000000000409e+02
7.881100000000000136e+02
3.468999999999999773e+02
3.677799999999999727e+02
4.628999999999999773e+02
5.009700000000000273e+02
5.277699999999999818e+02
4.920699999999999932e+02
5.396399999999999864e+02
6.445199999999999818e+02
6.966599999999999682e+02
6.005900000000000318e+02
5.744800000000000182e+02
6.405399999999999636e+02
5.860399999999999636e+02
6.744600000000000364e+02
7.099700000000000273e+02
6.615700000000000500e+02
6.943099999999999454e+02
6.682100000000000364e+02
6.875700000000000500e+02
7.793999999999999773e+02
1.059920000000000073e+03
4.586700000000000159e+02
6.777899999999999636e+02
4.053199999999999932e+02
3.543500000000000227e+02
4.265899999999999750e+02
4.707099999999999795e+02
6.328200000000000500e+02
5.436399999999999864e+02
5.971900000000000546e+02
6.671499999999999773e+02
6.448500000000000227e+02
7.049800000000000182e+02
5.688099999999999454e+02
6.579900000000000091e+02
5.926200000000000045e+02
6.835299999999999727e+02
6.701699999999999591e+02
6.956399999999999864e+02
8.339299999999999500e+02
7.939500000000000455e+02
3.128299999999999841e+02
-3.141899999999999977e+02
-9.081000000000000227e+01
7.919199999999999591e+02
4.311899999999999977e+02
5.456000000000000227e+02
7.465299999999999727e+02
5.044100000000000250e+02
4.811600000000000250e+02
6.417899999999999636e+02
5.880900000000000318e+02
6.517599999999999909e+02
7.778999999999999773e+02
7.304600000000000364e+02
5.983099999999999454e+02
6.812599999999999909e+02
6.025199999999999818e+02
6.917999999999999545e+02
6.867899999999999636e+02
8.102799999999999727e+02
7.498999999999999773e+02
2.268300000000000125e+02
9.243899999999999864e+02
1.699180000000000064e+03
7.654199999999999591e+02
4.905400000000000205e+02
5.670000000000000000e+02
7.693099999999999454e+02
5.413700000000000045e+02
4.923999999999999773e+02
5.235700000000000500e+02
5.662000000000000455e+02
7.653500000000000227e+02
7.849900000000000091e+02
9.001000000000000227e+02
6.824700000000000273e+02
6.841299999999999955e+02
5.419099999999999682e+02
5.708500000000000227e+02
7.620000000000000000e+02
5.276599999999999682e+02
6.846100000000000136e+02
1.258509999999999991e+03
8.422599999999999909e+02
8.965700000000000500e+02
6.373600000000000136e+02
3.172400000000000091e+02
4.061100000000000136e+02
7.237100000000000364e+02
7.046100000000000136e+02
6.931799999999999500e+02
6.835499999999999545e+02
1.055849999999999909e+03
8.930599999999999454e+02
9.327000000000000455e+02
4.762599999999999909e+02
4.932500000000000000e+02
5.036499999999999773e+02
6.891799999999999500e+02
7.127699999999999818e+02
9.836100000000000136e+02
7.709600000000000364e+02
9.595599999999999454e+02
7.845700000000000500e+02
3.574889999999999873e+03
7.164099999999999682e+02
4.693899999999999864e+02
4.801600000000000250e+02
6.355599999999999454e+02
6.371100000000000136e+02
9.823400000000000318e+02
4.640400000000000205e+02
2.280999999999999872e+01
3.747300000000000182e+02
4.788199999999999932e+02
7.248999999999999773e+02
7.696499999999999773e+02
6.981100000000000136e+02
6.409500000000000455e+02
8.248600000000000136e+02
5.118399999999999750e+02
2.067199999999999989e+02
4.019050000000000182e+03
6.029299999999999500e+02
8.405599999999999454e+02
9.348600000000000136e+02
1.372599999999999909e+02
-2.117599999999999909e+02
-2.186899999999999977e+02
7.882000000000000455e+02
1.231339999999999918e+03
7.329800000000000182e+02
6.313400000000000318e+02
7.195399999999999636e+02
5.580299999999999727e+02
7.696900000000000546e+02
8.976200000000000045e+02
8.936599999999999682e+02
1.545619999999999891e+03
4.341299999999999955e+02
2.920299999999999727e+02
-2.406500000000000057e+02
2.352400000000000091e+02
5.555599999999999454e+02
1.394079999999999927e+03
9.462400000000000091e+02
5.716699999999999591e+02
5.395199999999999818e+02
7.524099999999999682e+02
7.464400000000000546e+02
8.489299999999999500e+02
5.651900000000000546e+02
7.902400000000000091e+02
7.775700000000000500e+02
8.775000000000000000e+02
-5.115699999999999932e+02
4.705199999999999818e+02
1.749400000000000091e+03
7.035299999999999727e+02
6.595299999999999727e+02
5.908899999999999864e+02
6.861599999999999682e+02
5.900399999999999636e+02
6.776100000000000136e+02
7.751900000000000546e+02
5.434600000000000364e+02
6.723799999999999955e+02
8.099500000000000455e+02
7.858500000000000227e+02
6.724900000000000091e+02
4.795400000000000205e+02
5.838799999999999955e+02
4.599100000000000250e+02
5.828400000000000318e+02
8.073799999999999955e+02
8.065900000000000318e+02
8.643799999999999955e+02
7.997699999999999818e+02
9.781200000000000045e+02
9.013300000000000409e+02
5.739400000000000546e+02
6.633799999999999955e+02
5.651200000000000045e+02
7.985599999999999454e+02
3.476399999999999864e+02
4.796000000000000227e+02
8.580900000000000318e+02
7.903600000000000136e+02
7.938300000000000409e+02
6.376299999999999955e+02
6.808400000000000318e+02
9.380800000000000409e+02
7.521499999999999773e+02
9.264299999999999500e+02
6.883500000000000227e+02
7.942599999999999909e+02
6.727599999999999909e+02
6.517400000000000091e+02
6.000800000000000409e+02
8.213999999999999773e+02
7.688600000000000136e+02
6.218600000000000136e+02
6.703999999999999773e+02
8.292200000000000273e+02
8.345800000000000409e+02
6.596699999999999591e+02
1.063319999999999936e+03
8.059800000000000182e+02
8.466799999999999500e+02
5.089300000000000068e+02
5.910099999999999909e+02
7.380099999999999909e+02
6.051100000000000136e+02
3.999700000000000273e+02
8.200700000000000500e+02
6.931699999999999591e+02
7.855399999999999636e+02
7.203799999999999955e+02
9.818899999999999864e+02
7.308099999999999454e+02
5.202899999999999636e+02
5.401900000000000546e+02
6.491000000000000227e+02
8.410499999999999545e+02
5.771900000000000546e+02
6.667300000000000182e+02
6.353700000000000045e+02
9.296000000000000227e+02
7.737999999999999545e+02
9.794299999999999500e+02
4.419399999999999977e+02
5.124400000000000546e+02
7.588600000000000136e+02
9.749199999999999591e+02
4.794900000000000091e+02
6.576399999999999864e+02
7.641799999999999500e+02
9.024700000000000273e+02
7.888400000000000318e+02
4.640799999999999841e+02
4.351299999999999955e+02
9.372699999999999818e+02
9.005700000000000500e+02
3.944300000000000068e+02
7.177000000000000455e+02
7.717200000000000273e+02
9.217999999999999545e+02
2.203799999999999955e+02
6.031499999999999773e+02
7.497899999999999636e+02
8.473400000000000318e+02
4.745799999999999841e+02
9.246399999999999864e+02
7.571200000000000045e+02
4.140099999999999909e+02
3.937599999999999909e+02
7.094700000000000273e+02
1.053329999999999927e+03
5.663200000000000500e+02
6.803600000000000136e+02
2.499799999999999898e+02
3.776600000000000250e+02
8.756100000000000136e+02
8.260900000000000318e+02
4.966899999999999977e+02
4.593600000000000136e+02
3.522799999999999727e+02
8.322899999999999636e+02
9.363300000000000409e+02
-6.311999999999999744e+01
4.756000000000000227e+02
7.501599999999999682e+02
3.461000000000000227e+02
6.175299999999999727e+02
1.741329999999999927e+03
1.093859999999999900e+03
1.639880000000000109e+03
1.676829999999999927e+03
1.977089999999999918e+03
2.058730000000000018e+03
1.967750000000000000e+03
2.146760000000000218e+03
2.527230000000000018e+03
2.091409999999999854e+03
2.098380000000000109e+03
2.111599999999999909e+03
2.083800000000000182e+03
2.687679999999999836e+03
2.804849999999999909e+03
2.989909999999999854e+03
2.879030000000000200e+03
2.902250000000000000e+03
3.032239999999999782e+03
3.651750000000000000e+03
3.539579999999999927e+03
3.625519999999999982e+03
3.981760000000000218e+03
3.576610000000000127e+03
3.412090000000000146e+03
3.527280000000000200e+03
4.101800000000000182e+03
3.193250000000000000e+03
3.200969999999999800e+03
4.083670000000000073e+03
3.276360000000000127e+03
3.845400000000000205e+02
5.243400000000000318e+02
5.512400000000000091e+02
5.414500000000000455e+02
5.529099999999999682e+02
5.970299999999999727e+02
6.593300000000000409e+02
8.530000000000000000e+02
7.603799999999999955e+02
7.341599999999999682e+02
9.259700000000000273e+02
9.200199999999999818e+02
1.145829999999999927e+03
1.297500000000000000e+03
1.265849999999999909e+03
1.156650000000000091e+03
1.182079999999999927e+03
1.255569999999999936e+03
1.377859999999999900e+03
1.342470000000000027e+03
1.214690000000000055e+03
1.293450000000000045e+03
1.405829999999999927e+03
1.513549999999999955e+03
1.364089999999999918e+03
1.344849999999999909e+03
1.182630000000000109e+03
9.801299999999999955e+02
3.489300000000000068e+02
3.451299999999999955e+02
3.373199999999999932e+02
3.607900000000000205e+02
3.872900000000000205e+02
4.480799999999999841e+02
5.079800000000000182e+02
6.277000000000000455e+02
6.328899999999999864e+02
5.268300000000000409e+02
6.041399999999999864e+02
6.412000000000000455e+02
6.962699999999999818e+02
7.833600000000000136e+02
8.613500000000000227e+02
8.157000000000000455e+02
7.407899999999999636e+02
7.274800000000000182e+02
7.417400000000000091e+02
7.364500000000000455e+02
7.802799999999999727e+02
9.272300000000000182e+02
9.247400000000000091e+02
9.374900000000000091e+02
9.583899999999999864e+02
8.932799999999999727e+02
3.096899999999999977e+02
3.522400000000000091e+02
3.743700000000000045e+02
4.374300000000000068e+02
4.596800000000000068e+02
5.313600000000000136e+02
5.781000000000000227e+02
5.911699999999999591e+02
6.044500000000000455e+02
5.523400000000000318e+02
5.582300000000000182e+02
5.738700000000000045e+02
6.517400000000000091e+02
7.147300000000000182e+02
7.366699999999999591e+02
7.236699999999999591e+02
6.272500000000000000e+02
5.774299999999999500e+02
6.719099999999999682e+02
7.587599999999999909e+02
7.219400000000000546e+02
7.825199999999999818e+02
8.769800000000000182e+02
8.472000000000000455e+02
3.542200000000000273e+02
4.016000000000000227e+02
4.653299999999999841e+02
4.920099999999999909e+02
5.593999999999999773e+02
5.147000000000000455e+02
5.978700000000000045e+02
6.684900000000000091e+02
6.399600000000000364e+02
5.732500000000000000e+02
6.138099999999999454e+02
6.106299999999999955e+02
6.373799999999999955e+02
6.992500000000000000e+02
6.931299999999999955e+02
6.735599999999999454e+02
6.617799999999999727e+02
6.919400000000000546e+02
6.555900000000000318e+02
6.741699999999999591e+02
6.304400000000000546e+02
7.443600000000000136e+02
4.545799999999999841e+02
5.692000000000000455e+02
5.632000000000000455e+02
5.149800000000000182e+02
5.136299999999999955e+02
5.741399999999999864e+02
6.239199999999999591e+02
7.156100000000000136e+02
7.453200000000000500e+02
6.670499999999999545e+02
6.457000000000000455e+02
6.329800000000000182e+02
6.326299999999999955e+02
6.579700000000000273e+02
7.325499999999999545e+02
7.543899999999999864e+02
6.383500000000000227e+02
6.446000000000000227e+02
7.261100000000000136e+02
7.431799999999999500e+02
5.041700000000000159e+02
5.682200000000000273e+02
5.650700000000000500e+02
6.013099999999999454e+02
6.156900000000000546e+02
6.030099999999999909e+02
7.848500000000000227e+02
7.702100000000000364e+02
7.049400000000000546e+02
6.174500000000000455e+02
5.557699999999999818e+02
5.726200000000000045e+02
6.375000000000000000e+02
7.417000000000000455e+02
7.256499999999999773e+02
8.041299999999999955e+02
8.711499999999999773e+02
7.341499999999999773e+02
6.716799999999999500e+02
5.737699999999999818e+02
5.383899999999999864e+02
5.291100000000000136e+02
4.106100000000000136e+02
5.435800000000000409e+02
5.520599999999999454e+02
6.691299999999999955e+02
6.935399999999999636e+02
6.137599999999999909e+02
6.630199999999999818e+02
6.862200000000000273e+02
6.392599999999999909e+02
7.629600000000000364e+02
8.513500000000000227e+02
9.521299999999999955e+02
2.851000000000000227e+02
5.990599999999999454e+02
7.270099999999999909e+02
6.002400000000000091e+02
8.193200000000000500e+02
7.127699999999999818e+02
6.538899999999999864e+02
6.648099999999999454e+02
7.542699999999999818e+02
6.917999999999999545e+02
6.696799999999999500e+02
6.728500000000000227e+02
7.437200000000000273e+02
7.057300000000000182e+02
5.224700000000000273e+02
5.811900000000000546e+02
6.980399999999999636e+02
7.766900000000000546e+02
7.316100000000000136e+02
7.215099999999999909e+02
7.622500000000000000e+02
8.701699999999999591e+02
7.968799999999999955e+02
7.403400000000000318e+02
7.166200000000000045e+02
7.161200000000000045e+02
5.932300000000000182e+02
6.733799999999999955e+02
6.359800000000000182e+02
6.097200000000000273e+02
6.123999999999999773e+02
6.964199999999999591e+02
7.241900000000000546e+02
7.907200000000000273e+02
8.382899999999999636e+02
7.910800000000000409e+02
5.332799999999999727e+02
5.777000000000000455e+02
7.262899999999999636e+02
6.915199999999999818e+02
6.030299999999999727e+02
6.993099999999999454e+02
8.047799999999999727e+02
8.235599999999999454e+02
4.614800000000000182e+02
6.222899999999999636e+02
7.062799999999999727e+02
6.817999999999999545e+02
7.113400000000000318e+02
7.414600000000000364e+02
4.740000000000000000e+02
6.023099999999999454e+02
7.452400000000000091e+02
6.589600000000000364e+02
4.296600000000000250e+02
6.198500000000000227e+02
6.542599999999999909e+02
7.159099999999999682e+02
8.089600000000000364e+02
7.834800000000000182e+02
8.008500000000000227e+02
9.474299999999999500e+02
1.007639999999999986e+03
1.097299999999999955e+03
9.235000000000000000e+02
1.075180000000000064e+03
1.209059999999999945e+03
1.346829999999999927e+03
1.624190000000000055e+03
1.567170000000000073e+03
1.541759999999999991e+03
1.397400000000000091e+03
1.679579999999999927e+03
1.765029999999999973e+03
1.812269999999999982e+03
1.741470000000000027e+03
1.772480000000000018e+03
1.727420000000000073e+03
1.831960000000000036e+03
1.899059999999999945e+03
1.818609999999999900e+03
1.557269999999999982e+03
1.505019999999999982e+03
3.433100000000000023e+02
3.310299999999999727e+02
3.761200000000000045e+02
3.968000000000000114e+02
4.558799999999999955e+02
5.212799999999999727e+02
5.955599999999999454e+02
6.187100000000000364e+02
5.510599999999999454e+02
5.957200000000000273e+02
5.923400000000000318e+02
6.709900000000000091e+02
7.227500000000000000e+02
8.005599999999999454e+02
7.861599999999999682e+02
7.251000000000000227e+02
7.000599999999999454e+02
6.860599999999999454e+02
7.171100000000000136e+02
7.551599999999999682e+02
8.614299999999999500e+02
8.704400000000000546e+02
9.050599999999999454e+02
9.225299999999999727e+02
3.806499999999999773e+02
4.363299999999999841e+02
4.886600000000000250e+02
5.088500000000000227e+02
5.452799999999999727e+02
5.634400000000000546e+02
6.282200000000000273e+02
6.382799999999999727e+02
6.043200000000000500e+02
5.942599999999999909e+02
6.049700000000000273e+02
6.398099999999999454e+02
6.750199999999999818e+02
6.986599999999999682e+02
6.874800000000000182e+02
6.525900000000000318e+02
6.673300000000000409e+02
6.685700000000000500e+02
6.873600000000000136e+02
6.728799999999999955e+02
7.507000000000000455e+02
5.620700000000000500e+02
5.423999999999999773e+02
5.313500000000000227e+02
5.511200000000000045e+02
5.828700000000000045e+02
6.113099999999999454e+02
7.179099999999999682e+02
7.539600000000000364e+02
6.710000000000000000e+02
6.548600000000000136e+02
5.962400000000000091e+02
6.201499999999999773e+02
6.627999999999999545e+02
7.131799999999999500e+02
7.601599999999999682e+02
7.395000000000000000e+02
7.054800000000000182e+02
7.718799999999999955e+02
5.417899999999999636e+02
5.478700000000000045e+02
6.352200000000000273e+02
5.409900000000000091e+02
5.772100000000000364e+02
6.558700000000000045e+02
6.449099999999999682e+02
6.562899999999999636e+02
6.313200000000000500e+02
6.286799999999999500e+02
6.450099999999999909e+02
6.864199999999999591e+02
7.152100000000000364e+02
7.964099999999999682e+02
8.485800000000000409e+02
5.599800000000000182e+02
6.388099999999999454e+02
6.482899999999999636e+02
7.216299999999999955e+02
7.120099999999999909e+02
6.745000000000000000e+02
7.391499999999999773e+02
7.763099999999999454e+02
7.290700000000000500e+02
7.101100000000000136e+02
6.716499999999999773e+02
7.442400000000000091e+02
6.372400000000000091e+02
6.244099999999999682e+02
6.472000000000000455e+02
6.408999999999999773e+02
6.563700000000000045e+02
7.222699999999999818e+02
7.671699999999999591e+02
8.030199999999999818e+02
7.802699999999999818e+02
5.628500000000000227e+02
6.425299999999999727e+02
6.638500000000000227e+02
6.581499999999999773e+02
6.843600000000000136e+02
7.666699999999999591e+02
5.596200000000000045e+02
6.277100000000000364e+02
6.823700000000000045e+02
4.443399999999999750e+02
4.481700000000000159e+02
4.565899999999999750e+02
5.036000000000000227e+02
5.546799999999999500e+02
6.944500000000000455e+02
6.673899999999999864e+02
6.582200000000000273e+02
7.709299999999999500e+02
7.500099999999999909e+02
8.909700000000000273e+02
9.907200000000000273e+02
1.015409999999999968e+03
9.708700000000000045e+02
9.868600000000000136e+02
1.015580000000000041e+03
1.051579999999999927e+03
1.031029999999999973e+03
9.895199999999999818e+02
1.059220000000000027e+03
1.123769999999999982e+03
1.211769999999999982e+03
1.154369999999999891e+03
1.131650000000000091e+03
4.015799999999999841e+02
4.593500000000000227e+02
4.967699999999999818e+02
5.156900000000000546e+02
5.693600000000000136e+02
5.890900000000000318e+02
6.130900000000000318e+02
6.055199999999999818e+02
6.146299999999999955e+02
5.918899999999999864e+02
6.374500000000000455e+02
6.761399999999999864e+02
6.888400000000000318e+02
6.967400000000000091e+02
6.650099999999999909e+02
6.515700000000000500e+02
6.697500000000000000e+02
7.090800000000000409e+02
6.928899999999999864e+02
7.455299999999999727e+02
5.536000000000000227e+02
5.575399999999999636e+02
5.532999999999999545e+02
5.797200000000000273e+02
6.253099999999999454e+02
6.747300000000000182e+02
7.107699999999999818e+02
6.751499999999999773e+02
6.503600000000000136e+02
6.144800000000000182e+02
6.289700000000000273e+02
6.696200000000000045e+02
7.067500000000000000e+02
7.723700000000000045e+02
7.526299999999999955e+02
7.553700000000000045e+02
5.630900000000000318e+02
5.910399999999999636e+02
6.438400000000000318e+02
6.441900000000000546e+02
6.762300000000000182e+02
6.861799999999999500e+02
7.107000000000000455e+02
6.838700000000000045e+02
6.969400000000000546e+02
6.798700000000000045e+02
6.820800000000000409e+02
7.165700000000000500e+02
6.077300000000000182e+02
6.357300000000000182e+02
6.590399999999999636e+02
6.556900000000000546e+02
6.888999999999999773e+02
7.671599999999999682e+02
7.720499999999999545e+02
7.577999999999999545e+02
6.005099999999999909e+02
6.451100000000000136e+02
6.615800000000000409e+02
6.799099999999999682e+02
3.771899999999999977e+02
4.115699999999999932e+02
4.462900000000000205e+02
5.219700000000000273e+02
5.739800000000000182e+02
6.052999999999999545e+02
6.054700000000000273e+02
6.185800000000000409e+02
6.451900000000000546e+02
6.966699999999999591e+02
7.654400000000000546e+02
7.794500000000000455e+02
8.176699999999999591e+02
7.692799999999999727e+02
7.723600000000000136e+02
7.831499999999999773e+02
7.700499999999999545e+02
7.522100000000000364e+02
8.526799999999999500e+02
9.188400000000000318e+02
9.229500000000000455e+02
5.352200000000000273e+02
5.511200000000000045e+02
5.486499999999999773e+02
5.888400000000000318e+02
6.451699999999999591e+02
6.555700000000000500e+02
6.429199999999999591e+02
6.678300000000000409e+02
6.329500000000000455e+02
6.322799999999999727e+02
6.572300000000000182e+02
6.838899999999999864e+02
6.957000000000000455e+02
7.156499999999999773e+02
7.320399999999999636e+02
7.339800000000000182e+02
6.720599999999999454e+02
6.099800000000000182e+02
6.497999999999999545e+02
6.593500000000000227e+02
6.836200000000000045e+02
7.006699999999999591e+02
6.814099999999999682e+02
6.785099999999999909e+02
6.837699999999999818e+02
6.982599999999999909e+02
7.055499999999999545e+02
6.202999999999999545e+02
6.313300000000000409e+02
6.458200000000000500e+02
6.915599999999999454e+02
7.525299999999999727e+02
7.616100000000000136e+02
6.367200000000000273e+02
4.325600000000000023e+02
4.781100000000000136e+02
5.241699999999999591e+02
5.800199999999999818e+02
6.029500000000000455e+02
5.711299999999999955e+02
6.106200000000000045e+02
6.171200000000000045e+02
6.517000000000000455e+02
6.803400000000000318e+02
7.221299999999999955e+02
7.227200000000000273e+02
6.954199999999999591e+02
6.965499999999999545e+02
6.956100000000000136e+02
7.026100000000000136e+02
7.198700000000000045e+02
7.937999999999999545e+02
5.663200000000000500e+02
5.917100000000000364e+02
6.343700000000000045e+02
6.665299999999999727e+02
6.929800000000000182e+02
6.596200000000000045e+02
6.687599999999999909e+02
6.550000000000000000e+02
6.570399999999999636e+02
6.737799999999999727e+02
7.132200000000000273e+02
7.634400000000000546e+02
6.285199999999999818e+02
6.462500000000000000e+02
6.658300000000000409e+02
6.993999999999999773e+02
7.315099999999999909e+02
7.389500000000000455e+02
5.107500000000000000e+02
5.523099999999999454e+02
6.028099999999999454e+02
5.947799999999999727e+02
5.958500000000000227e+02
6.183899999999999864e+02
6.193200000000000500e+02
6.372599999999999909e+02
6.797999999999999545e+02
6.902999999999999545e+02
6.966100000000000136e+02
6.752500000000000000e+02
6.728200000000000500e+02
6.884700000000000273e+02
7.187100000000000364e+02
6.178999999999999773e+02
6.523099999999999454e+02
6.857699999999999818e+02
6.930900000000000318e+02
6.750700000000000500e+02
6.815000000000000000e+02
6.768600000000000136e+02
7.089500000000000455e+02
6.490900000000000318e+02
5.766499999999999773e+02
6.010499999999999545e+02
6.240700000000000500e+02
6.183600000000000136e+02
6.317500000000000000e+02
6.214199999999999591e+02
6.584199999999999591e+02
6.754299999999999500e+02
6.861399999999999864e+02
6.941299999999999955e+02
6.781799999999999500e+02
6.842999999999999545e+02
6.516299999999999955e+02
6.861499999999999773e+02
6.990199999999999818e+02
6.896499999999999773e+02
6.229299999999999500e+02
6.405499999999999545e+02
6.317500000000000000e+02
6.410399999999999636e+02
6.508600000000000136e+02
6.573200000000000500e+02
6.793899999999999864e+02
6.981399999999999864e+02
7.081499999999999773e+02
6.513700000000000045e+02
6.430499999999999545e+02
6.637000000000000455e+02
6.535900000000000318e+02
6.699600000000000364e+02
6.876200000000000045e+02
6.613799999999999955e+02
6.659500000000000455e+02
6.651299999999999955e+02
