1.009999999999999884e-04
9.699999999999998608e-05
6.800000000000001302e-05
7.899999999999999579e-05
9.900000000000000759e-05
8.300000000000001170e-05
7.099999999999999107e-05
9.699999999999998608e-05
1.119999999999999848e-04
9.100000000000000287e-05
1.259999999999999998e-04
1.290000000000000185e-04
1.130000000000000091e-04
1.030000000000000100e-04
1.000000000000000048e-04
8.599999999999998976e-05
7.799999999999999859e-05
7.099999999999999107e-05
9.400000000000000803e-05
7.899999999999999579e-05
7.499999999999999343e-05
1.030000000000000100e-04
9.200000000000000007e-05
1.069999999999999988e-04
1.110000000000000011e-04
1.269999999999999970e-04
8.900000000000000847e-05
7.299999999999999903e-05
9.100000000000000287e-05
6.700000000000000226e-05
5.099999999999999960e-05
8.000000000000000654e-05
8.300000000000001170e-05
2.559999999999999884e-04
2.089999999999999844e-04
1.830000000000000029e-04
1.639999999999999748e-04
1.660000000000000234e-04
1.360000000000000260e-04
1.489999999999999897e-04
1.520000000000000084e-04
1.430000000000000064e-04
1.240000000000000054e-04
1.259999999999999998e-04
1.250000000000000026e-04
1.259999999999999998e-04
1.230000000000000082e-04
1.030000000000000100e-04
1.069999999999999988e-04
9.500000000000000523e-05
1.000000000000000048e-04
9.900000000000000759e-05
8.900000000000000847e-05
8.599999999999998976e-05
1.130000000000000091e-04
1.180000000000000086e-04
8.500000000000000611e-05
8.800000000000001126e-05
9.200000000000000007e-05
8.500000000000000611e-05
8.500000000000000611e-05
1.409999999999999849e-04
1.069999999999999988e-04
6.099999999999999737e-04
5.510000000000000574e-04
4.829999999999999767e-04
4.229999999999999819e-04
4.029999999999999837e-04
4.150000000000000043e-04
3.890000000000000228e-04
3.620000000000000713e-04
3.229999999999999365e-04
2.900000000000000017e-04
2.860000000000000129e-04
2.979999999999999793e-04
3.049999999999999868e-04
2.660000000000000146e-04
2.550000000000000183e-04
2.349999999999999930e-04
2.369999999999999874e-04
2.349999999999999930e-04
2.429999999999999977e-04
2.250000000000000209e-04
2.080000000000000143e-04
2.139999999999999975e-04
2.330000000000000257e-04
2.360000000000000173e-04
2.400000000000000061e-04
2.480000000000000108e-04
2.600000000000000314e-04
8.610000000000000032e-04
7.370000000000000249e-04
7.299999999999999632e-04
7.100000000000000191e-04
6.659999999999999254e-04
6.829999999999999049e-04
6.310000000000000504e-04
5.839999999999999922e-04
5.479999999999999845e-04
5.200000000000000629e-04
5.209999999999999788e-04
5.240000000000000517e-04
4.960000000000000216e-04
4.979999999999999618e-04
4.770000000000000477e-04
4.400000000000000157e-04
4.279999999999999950e-04
4.089999999999999669e-04
4.130000000000000099e-04
4.139999999999999800e-04
4.240000000000000062e-04
4.539999999999999765e-04
4.629999999999999784e-04
4.640000000000000027e-04
9.420000000000001289e-04
9.250000000000000409e-04
9.090000000000000857e-04
9.020000000000000240e-04
8.940000000000000464e-04
8.409999999999999507e-04
8.050000000000000515e-04
7.659999999999999708e-04
7.559999999999999446e-04
7.330000000000000361e-04
7.170000000000000808e-04
7.299999999999999632e-04
7.360000000000000006e-04
6.999999999999999929e-04
6.300000000000000261e-04
6.089999999999999494e-04
6.089999999999999494e-04
5.900000000000000296e-04
6.350000000000000392e-04
6.559999999999998992e-04
6.490000000000000543e-04
1.082000000000000062e-03
1.072000000000000036e-03
1.054999999999999948e-03
1.050000000000000152e-03
1.013000000000000012e-03
9.840000000000000656e-04
9.709999999999999664e-04
9.420000000000001289e-04
9.270000000000000896e-04
8.909999999999999734e-04
9.030000000000000483e-04
8.640000000000000761e-04
8.429999999999999993e-04
8.260000000000000198e-04
8.009999999999999542e-04
7.909999999999999280e-04
7.900000000000000121e-04
8.140000000000000534e-04
1.205000000000000125e-03
1.167999999999999984e-03
1.187000000000000121e-03
1.161000000000000140e-03
1.142000000000000220e-03
1.142000000000000220e-03
1.092000000000000089e-03
1.077000000000000049e-03
1.041999999999999958e-03
1.005999999999999950e-03
1.013999999999999927e-03
9.959999999999999236e-04
9.860000000000001142e-04
9.820000000000000170e-04
9.899999999999999946e-04
1.299000000000000241e-03
1.296000000000000060e-03
1.319000000000000077e-03
1.283999999999999985e-03
1.274999999999999875e-03
1.209999999999999921e-03
1.214000000000000018e-03
1.187000000000000121e-03
1.157999999999999958e-03
1.147000000000000016e-03
1.139999999999999954e-03
1.144000000000000052e-03
1.429000000000000149e-03
1.435000000000000078e-03
1.389999999999999960e-03
1.379999999999999933e-03
1.376999999999999752e-03
1.341999999999999877e-03
1.328000000000000187e-03
1.311999999999999798e-03
1.321999999999999825e-03
1.550999999999999861e-03
1.523000000000000265e-03
1.533999999999999990e-03
1.488000000000000173e-03
1.479999999999999979e-03
1.478000000000000147e-03
1.671999999999999875e-03
1.654000000000000088e-03
1.638000000000000133e-03
1.269999999999999970e-04
1.130000000000000091e-04
7.799999999999999859e-05
1.110000000000000011e-04
1.160000000000000007e-04
9.600000000000000243e-05
9.699999999999998608e-05
1.030000000000000100e-04
8.900000000000000847e-05
1.000000000000000048e-04
1.559999999999999972e-04
1.780000000000000169e-04
1.730000000000000309e-04
1.440000000000000308e-04
1.169999999999999979e-04
1.000000000000000048e-04
1.040000000000000072e-04
1.100000000000000039e-04
9.600000000000000243e-05
7.499999999999999343e-05
8.800000000000001126e-05
1.110000000000000011e-04
1.069999999999999988e-04
1.200000000000000030e-04
1.190000000000000058e-04
1.219999999999999974e-04
1.330000000000000073e-04
1.719999999999999795e-04
1.250000000000000026e-04
7.200000000000001538e-05
6.700000000000000226e-05
7.400000000000000978e-05
6.800000000000001302e-05
1.180999999999999975e-03
8.059999999999999673e-04
5.270000000000000162e-04
5.589999999999999266e-04
4.699999999999999859e-04
4.450000000000000288e-04
4.679999999999999915e-04
4.350000000000000026e-04
3.550000000000000096e-04
4.910000000000000085e-04
4.730000000000000046e-04
4.600000000000000139e-04
5.150000000000000498e-04
3.660000000000000059e-04
3.779999999999999723e-04
3.499999999999999964e-04
3.599999999999999685e-04
3.320000000000000468e-04
3.289999999999999739e-04
2.730000000000000222e-04
2.939999999999999905e-04
2.839999999999999643e-04
2.500000000000000052e-04
2.910000000000000260e-04
2.990000000000000036e-04
3.009999999999999980e-04
2.460000000000000164e-04
3.360000000000000356e-04
3.159999999999999832e-04
2.250000000000000209e-04
2.800000000000000297e-04
4.139999999999999800e-04
5.321000000000001076e-03
4.268000000000000092e-03
2.846000000000000005e-03
2.686999999999999719e-03
2.174000000000000151e-03
2.322999999999999978e-03
2.269999999999999882e-03
1.814999999999999990e-03
1.860000000000000108e-03
1.732000000000000033e-03
2.331000000000000173e-03
1.835999999999999958e-03
1.580999999999999940e-03
1.433000000000000029e-03
1.188000000000000037e-03
1.334000000000000116e-03
1.331999999999999851e-03
1.520000000000000084e-03
1.118999999999999986e-03
1.082000000000000062e-03
1.064000000000000059e-03
1.103000000000000031e-03
1.032999999999999847e-03
1.174000000000000130e-03
1.132000000000000194e-03
1.046999999999999971e-03
1.075000000000000001e-03
1.385999999999999862e-03
1.288000000000000082e-03
1.247000000000000062e-03
1.553000000000000127e-03
1.628999999999999893e-02
1.367999999999999945e-02
9.218000000000000499e-03
8.781999999999999876e-03
8.295000000000000290e-03
8.812999999999999653e-03
7.566999999999999942e-03
7.340000000000000170e-03
5.243999999999999530e-03
6.723999999999999942e-03
7.417999999999999247e-03
4.707000000000000246e-03
5.399000000000000153e-03
3.851999999999999955e-03
3.663999999999999722e-03
3.804000000000000090e-03
4.547999999999999959e-03
4.095999999999999815e-03
3.651000000000000165e-03
3.347000000000000149e-03
3.517000000000000161e-03
3.887000000000000264e-03
3.585000000000000079e-03
3.663999999999999722e-03
3.121000000000000510e-03
3.648999999999999466e-03
3.708999999999999624e-03
4.246000000000000642e-03
5.013999999999999360e-03
4.701000000000000317e-03
2.745300000000000518e-02
1.943700000000000289e-02
1.878900000000000015e-02
2.346200000000000022e-02
2.276099999999999998e-02
2.026200000000000223e-02
2.126500000000000265e-02
1.516499999999999966e-02
1.454099999999999837e-02
1.519099999999999964e-02
1.461400000000000025e-02
1.278600000000000049e-02
1.199300000000000019e-02
9.766000000000000375e-03
8.585000000000000617e-03
1.012099999999999979e-02
9.177999999999998659e-03
1.039200000000000193e-02
9.097000000000000919e-03
8.663999999999999826e-03
9.282000000000000320e-03
1.051400000000000078e-02
8.615000000000001129e-03
7.714999999999999636e-03
8.077000000000000846e-03
9.087999999999998857e-03
8.396999999999999950e-03
1.141799999999999933e-02
1.213299999999999969e-02
2.758599999999999941e-02
1.958500000000000171e-02
1.891400000000000026e-02
2.545800000000000146e-02
2.640500000000000139e-02
2.258699999999999944e-02
2.302199999999999733e-02
2.391599999999999976e-02
2.086400000000000060e-02
2.312499999999999972e-02
3.109400000000000011e-02
2.359499999999999792e-02
2.410100000000000089e-02
1.910200000000000092e-02
1.955799999999999900e-02
1.688100000000000017e-02
1.838300000000000003e-02
2.068800000000000153e-02
1.938700000000000145e-02
1.829200000000000270e-02
2.051900000000000251e-02
2.118000000000000091e-02
1.440599999999999867e-02
1.545599999999999925e-02
1.656799999999999939e-02
1.566000000000000031e-02
1.720599999999999907e-02
2.083500000000000282e-02
2.771300000000000152e-02
1.970299999999999829e-02
1.901900000000000118e-02
2.557099999999999998e-02
2.656100000000000128e-02
2.271599999999999661e-02
2.311600000000000113e-02
2.404300000000000187e-02
2.100499999999999937e-02
2.326500000000000096e-02
3.508099999999999413e-02
3.747500000000000137e-02
3.867199999999999804e-02
3.287599999999999550e-02
2.723300000000000026e-02
2.418800000000000117e-02
2.522500000000000089e-02
2.668600000000000139e-02
2.277900000000000064e-02
1.843400000000000247e-02
2.101599999999999996e-02
2.562099999999999794e-02
2.496200000000000155e-02
2.730099999999999888e-02
2.422500000000000347e-02
2.710999999999999868e-02
2.674300000000000288e-02
2.783800000000000163e-02
1.982000000000000081e-02
1.912400000000000211e-02
2.570000000000000062e-02
2.672199999999999923e-02
2.283100000000000060e-02
2.320499999999999993e-02
2.415099999999999886e-02
2.115099999999999966e-02
2.337999999999999801e-02
3.522299999999999737e-02
3.975700000000000067e-02
3.898100000000000176e-02
3.303400000000000086e-02
2.735300000000000231e-02
2.431900000000000381e-02
2.537500000000000172e-02
2.685999999999999846e-02
2.294799999999999965e-02
1.852499999999999980e-02
2.109499999999999917e-02
2.571199999999999875e-02
2.504899999999999835e-02
2.739499999999999921e-02
2.763400000000000231e-02
2.801800000000000124e-02
2.794999999999999915e-02
1.992299999999999974e-02
1.922100000000000197e-02
2.581300000000000261e-02
2.686100000000000293e-02
2.293500000000000053e-02
2.326999999999999902e-02
2.425300000000000025e-02
2.123999999999999846e-02
2.348300000000000040e-02
3.534999999999999948e-02
3.991499999999999909e-02
3.916599999999999943e-02
3.315799999999999997e-02
2.746000000000000177e-02
2.443199999999999886e-02
2.551300000000000096e-02
2.701999999999999888e-02
2.309300000000000241e-02
1.861799999999999913e-02
2.117800000000000238e-02
2.580199999999999855e-02
2.513100000000000056e-02
2.748800000000000202e-02
2.774199999999999930e-02
2.805999999999999814e-02
2.002499999999999766e-02
1.931799999999999837e-02
2.593400000000000219e-02
2.699000000000000010e-02
2.302800000000000333e-02
2.333900000000000211e-02
2.433599999999999999e-02
2.132999999999999827e-02
2.357400000000000120e-02
3.545900000000000440e-02
4.005699999999999539e-02
3.932399999999999785e-02
3.326199999999999990e-02
2.755400000000000210e-02
2.454599999999999838e-02
2.563400000000000054e-02
2.715800000000000158e-02
2.320499999999999993e-02
1.870600000000000041e-02
2.125000000000000153e-02
2.587099999999999816e-02
2.519099999999999812e-02
2.757300000000000029e-02
2.816499999999999906e-02
2.010800000000000087e-02
1.939700000000000105e-02
2.601699999999999846e-02
2.710999999999999868e-02
2.311300000000000507e-02
2.340100000000000166e-02
2.441699999999999773e-02
2.142499999999999960e-02
2.366300000000000001e-02
3.556100000000000233e-02
4.018399999999999750e-02
3.947200000000000014e-02
3.335300000000000070e-02
2.763300000000000478e-02
2.463399999999999965e-02
2.575300000000000158e-02
2.727900000000000116e-02
2.330899999999999986e-02
1.877900000000000055e-02
2.131500000000000061e-02
2.593300000000000466e-02
2.526900000000000326e-02
2.825400000000000134e-02
2.018200000000000202e-02
1.947200000000000319e-02
2.610499999999999973e-02
2.722300000000000414e-02
2.319000000000000228e-02
2.345699999999999869e-02
2.449600000000000041e-02
2.149399999999999922e-02
2.370500000000000038e-02
3.564400000000000207e-02
4.029999999999999555e-02
3.960299999999999931e-02
3.343700000000000144e-02
2.772300000000000458e-02
2.473000000000000198e-02
2.584499999999999992e-02
2.739400000000000168e-02
2.341099999999999778e-02
1.885000000000000217e-02
2.137900000000000217e-02
2.600500000000000034e-02
2.835500000000000173e-02
2.026900000000000229e-02
1.954600000000000087e-02
2.618699999999999847e-02
2.732499999999999860e-02
2.326199999999999796e-02
2.350599999999999912e-02
2.455599999999999797e-02
2.156199999999999783e-02
2.380300000000000124e-02
3.573500000000000287e-02
4.040300000000000141e-02
3.971700000000000230e-02
3.352600000000000025e-02
2.777699999999999961e-02
2.479500000000000107e-02
2.593099999999999919e-02
2.749100000000000155e-02
2.349500000000000199e-02
1.891099999999999726e-02
2.143199999999999966e-02
2.844100000000000100e-02
2.033800000000000191e-02
1.960900000000000143e-02
2.625900000000000109e-02
2.741199999999999887e-02
2.332499999999999851e-02
2.357199999999999920e-02
2.460099999999999787e-02
2.162599999999999939e-02
2.385900000000000173e-02
3.578800000000000731e-02
4.050900000000000334e-02
3.983799999999999841e-02
3.357999999999999874e-02
2.783599999999999963e-02
2.486400000000000068e-02
2.601199999999999693e-02
2.757900000000000282e-02
2.356699999999999767e-02
1.897700000000000081e-02
2.852400000000000074e-02
2.040500000000000300e-02
1.967000000000000345e-02
2.632600000000000218e-02
2.749599999999999961e-02
2.337900000000000048e-02
2.357400000000000120e-02
2.465399999999999883e-02
2.169400000000000148e-02
2.392199999999999882e-02
3.585900000000000198e-02
4.058099999999999902e-02
3.992600000000000315e-02
3.364000000000000323e-02
2.789000000000000160e-02
2.492400000000000171e-02
2.608199999999999755e-02
2.765400000000000150e-02
2.364000000000000129e-02
7.399999999999999894e-04
2.045499999999999749e-02
1.971799999999999942e-02
2.639000000000000026e-02
2.756500000000000269e-02
2.343399999999999997e-02
2.361100000000000004e-02
2.469400000000000414e-02
2.173999999999999891e-02
2.396400000000000266e-02
3.589800000000000629e-02
4.065999999999999476e-02
4.001300000000000689e-02
3.369699999999999779e-02
2.793499999999999803e-02
2.497900000000000120e-02
2.615500000000000116e-02
2.771699999999999858e-02
9.440000000000000691e-04
2.050800000000000192e-02
1.976900000000000185e-02
2.645300000000000429e-02
2.764400000000000190e-02
2.348000000000000087e-02
2.363300000000000470e-02
2.473400000000000251e-02
2.178400000000000128e-02
2.400900000000000256e-02
3.595700000000000285e-02
4.073300000000000531e-02
4.009499999999999870e-02
3.374400000000000316e-02
2.798699999999999799e-02
2.503700000000000023e-02
2.620100000000000207e-02
2.872100000000000000e-02
2.055800000000000335e-02
1.983000000000000040e-02
2.650199999999999778e-02
2.770800000000000346e-02
2.351900000000000171e-02
2.367000000000000354e-02
2.477300000000000335e-02
2.182699999999999918e-02
2.403900000000000134e-02
3.598599999999999716e-02
4.079900000000000193e-02
4.017199999999999938e-02
3.379700000000000065e-02
2.801300000000000318e-02
2.508600000000000066e-02
2.878700000000000009e-02
2.061100000000000085e-02
1.986399999999999971e-02
2.654800000000000215e-02
2.777499999999999761e-02
2.355499999999999955e-02
2.368699999999999972e-02
2.480599999999999819e-02
2.186499999999999902e-02
2.409400000000000083e-02
3.602000000000000340e-02
4.086599999999999955e-02
4.024400000000000199e-02
3.382199999999999790e-02
2.803999999999999895e-02
2.883700000000000152e-02
2.065600000000000075e-02
1.989499999999999949e-02
2.657999999999999946e-02
2.781600000000000045e-02
2.358999999999999986e-02
2.369599999999999831e-02
2.483099999999999891e-02
2.189699999999999980e-02
2.410900000000000196e-02
3.604999999999999871e-02
4.090699999999999892e-02
4.029200000000000143e-02
3.385200000000000015e-02
2.889200000000000101e-02
2.069300000000000306e-02
1.992599999999999927e-02
2.662599999999999689e-02
2.786600000000000188e-02
2.362799999999999970e-02
2.370900000000000091e-02
2.485500000000000209e-02
2.193800000000000264e-02
2.413500000000000367e-02
3.613100000000000339e-02
4.094799999999999829e-02
4.034499999999999892e-02
2.893400000000000138e-02
2.072199999999999737e-02
1.996300000000000158e-02
2.665900000000000214e-02
2.790800000000000225e-02
2.364499999999999935e-02
2.373000000000000109e-02
2.488800000000000387e-02
2.195800000000000182e-02
2.416000000000000092e-02
3.611299999999999927e-02
4.099400000000000266e-02
2.898699999999999888e-02
2.075699999999999767e-02
1.998899999999999982e-02
2.668900000000000092e-02
2.795399999999999968e-02
2.367000000000000354e-02
2.374700000000000075e-02
2.490800000000000305e-02
2.198699999999999960e-02
2.419699999999999976e-02
3.612300000000000233e-02
2.901400000000000159e-02
2.079599999999999851e-02
2.001100000000000101e-02
2.671499999999999916e-02
2.797900000000000040e-02
2.369500000000000078e-02
2.375900000000000234e-02
2.492500000000000271e-02
2.200400000000000272e-02
2.419500000000000123e-02
2.904599999999999890e-02
2.081099999999999964e-02
2.003900000000000126e-02
2.673900000000000235e-02
2.800699999999999718e-02
2.372300000000000450e-02
2.377600000000000199e-02
2.494700000000000042e-02
2.203099999999999850e-02
2.907200000000000062e-02
2.084000000000000088e-02
2.005799999999999944e-02
2.676999999999999866e-02
2.803699999999999942e-02
2.372900000000000009e-02
2.378800000000000012e-02
2.495300000000000296e-02
2.910599999999999993e-02
2.086000000000000007e-02
2.007099999999999856e-02
2.678599999999999731e-02
2.807199999999999973e-02
2.374700000000000075e-02
2.378699999999999912e-02
2.912999999999999964e-02
2.088300000000000226e-02
2.009000000000000022e-02
2.680300000000000044e-02
2.807199999999999973e-02
2.376900000000000193e-02
2.913800000000000071e-02
2.089400000000000285e-02
2.010299999999999934e-02
2.681900000000000256e-02
2.810800000000000104e-02
2.915800000000000336e-02
2.091200000000000003e-02
2.011700000000000293e-02
2.682199999999999862e-02
2.918000000000000108e-02
2.091200000000000003e-02
2.013299999999999812e-02
2.918400000000000161e-02
2.093599999999999975e-02
2.918199999999999961e-02
5.699999999999999772e-04
3.900000000000000471e-04
3.840000000000000097e-04
3.289999999999999739e-04
3.220000000000000206e-04
3.279999999999999496e-04
3.049999999999999868e-04
2.600000000000000314e-04
3.190000000000000019e-04
3.130000000000000187e-04
3.279999999999999496e-04
3.299999999999999982e-04
2.660000000000000146e-04
2.480000000000000108e-04
2.310000000000000042e-04
2.369999999999999874e-04
2.339999999999999958e-04
2.239999999999999695e-04
1.869999999999999917e-04
1.960000000000000208e-04
1.869999999999999917e-04
1.820000000000000057e-04
1.950000000000000236e-04
2.049999999999999956e-04
2.010000000000000068e-04
1.780000000000000169e-04
2.289999999999999826e-04
2.100000000000000087e-04
1.749999999999999982e-04
2.010000000000000068e-04
6.076000000000000671e-03
4.490000000000000067e-03
4.248000000000000040e-03
4.309000000000000330e-03
4.256000000000000234e-03
3.936999999999999528e-03
3.573999999999999920e-03
2.769999999999999893e-03
3.053999999999999857e-03
3.230000000000000232e-03
2.528999999999999998e-03
2.529999999999999697e-03
2.041999999999999978e-03
1.796999999999999986e-03
1.828000000000000198e-03
2.006999999999999670e-03
1.951999999999999959e-03
1.850000000000000082e-03
1.689000000000000180e-03
1.739000000000000094e-03
1.915999999999999951e-03
1.800000000000000168e-03
1.655999999999999920e-03
1.533999999999999990e-03
1.700999999999999821e-03
1.719999999999999958e-03
1.972000000000000228e-03
2.334000000000000137e-03
1.642700000000000063e-02
1.632700000000000123e-02
1.666799999999999879e-02
1.550599999999999895e-02
1.481099999999999951e-02
1.261999999999999927e-02
1.128099999999999936e-02
9.060999999999999610e-03
9.051000000000000018e-03
1.073900000000000028e-02
9.655000000000000387e-03
9.048999999999999752e-03
8.316000000000000475e-03
7.413999999999999584e-03
6.720000000000000279e-03
7.089999999999999948e-03
7.797999999999999376e-03
7.891999999999999710e-03
7.736999999999999954e-03
7.827000000000000624e-03
7.355000000000000426e-03
6.213999999999999906e-03
6.182000000000000862e-03
6.155000000000000748e-03
6.002999999999999656e-03
6.433000000000000350e-03
2.545499999999999846e-02
2.202699999999999797e-02
2.417300000000000351e-02
2.203400000000000150e-02
2.444000000000000339e-02
2.033500000000000238e-02
1.944699999999999901e-02
1.875299999999999884e-02
1.841700000000000281e-02
2.043799999999999784e-02
2.030400000000000260e-02
2.011800000000000047e-02
1.748200000000000101e-02
1.613799999999999957e-02
1.562400000000000073e-02
1.608400000000000107e-02
1.809600000000000097e-02
1.954900000000000040e-02
1.678900000000000184e-02
1.442200000000000079e-02
1.542300000000000094e-02
1.436400000000000177e-02
1.298599999999999928e-02
1.313600000000000011e-02
2.552400000000000155e-02
2.207699999999999940e-02
2.422300000000000147e-02
2.207300000000000234e-02
2.754199999999999704e-02
2.290900000000000228e-02
2.441000000000000114e-02
2.044599999999999890e-02
2.853500000000000134e-02
2.475800000000000223e-02
3.357800000000000368e-02
3.343500000000000638e-02
3.128999999999999837e-02
2.776500000000000148e-02
2.724599999999999939e-02
2.562400000000000441e-02
2.548800000000000371e-02
2.324999999999999983e-02
2.089800000000000338e-02
2.329500000000000320e-02
1.983599999999999947e-02
2.660900000000000071e-02
2.558399999999999910e-02
2.209300000000000500e-02
2.427499999999999797e-02
2.211300000000000418e-02
2.755999999999999769e-02
2.292999999999999899e-02
2.443300000000000333e-02
2.045699999999999949e-02
2.857000000000000164e-02
2.477999999999999994e-02
3.658499999999999946e-02
3.611299999999999927e-02
3.573900000000000687e-02
2.875400000000000178e-02
2.725099999999999745e-02
2.566000000000000225e-02
2.550400000000000236e-02
2.327400000000000302e-02
2.092199999999999616e-02
2.333100000000000104e-02
6.862000000000000044e-03
2.211699999999999777e-02
2.428800000000000056e-02
2.214500000000000149e-02
2.757800000000000182e-02
2.294799999999999965e-02
2.443800000000000139e-02
2.048499999999999974e-02
2.855999999999999858e-02
2.479900000000000160e-02
3.657199999999999340e-02
3.613000000000000239e-02
3.574399999999999800e-02
2.876500000000000237e-02
2.724400000000000086e-02
2.565699999999999578e-02
2.551900000000000349e-02
2.329800000000000273e-02
6.537999999999999541e-03
2.213999999999999996e-02
2.431800000000000281e-02
2.217199999999999727e-02
2.758400000000000088e-02
2.298299999999999996e-02
2.444999999999999951e-02
2.048699999999999827e-02
2.857400000000000218e-02
2.481699999999999878e-02
3.658499999999999946e-02
3.615099999999999564e-02
3.574000000000000093e-02
2.877699999999999703e-02
2.725499999999999798e-02
2.568099999999999897e-02
2.571000000000000021e-02
2.216600000000000167e-02
2.436400000000000024e-02
2.219699999999999798e-02
2.760100000000000053e-02
2.300600000000000214e-02
2.446500000000000064e-02
2.051000000000000045e-02
2.859300000000000383e-02
2.482999999999999791e-02
3.659599999999999659e-02
3.615899999999999670e-02
3.573900000000000687e-02
2.879199999999999815e-02
2.575699999999999865e-02
2.218300000000000480e-02
2.438500000000000043e-02
2.222199999999999870e-02
2.761100000000000013e-02
2.301599999999999827e-02
2.447500000000000023e-02
2.051700000000000051e-02
2.859300000000000383e-02
2.483800000000000244e-02
3.660399999999999765e-02
3.617300000000000376e-02
2.577899999999999983e-02
2.219499999999999945e-02
2.441000000000000114e-02
2.223199999999999829e-02
2.762099999999999972e-02
2.301300000000000220e-02
2.447699999999999876e-02
2.051300000000000345e-02
2.860800000000000148e-02
2.484800000000000203e-02
2.580700000000000008e-02
2.220600000000000004e-02
2.443000000000000033e-02
2.224699999999999941e-02
2.762999999999999831e-02
2.305300000000000057e-02
2.449099999999999888e-02
2.053000000000000311e-02
2.582800000000000373e-02
2.221400000000000111e-02
2.444400000000000392e-02
2.225800000000000348e-02
2.763800000000000284e-02
2.303599999999999745e-02
2.584400000000000239e-02
2.222199999999999870e-02
2.445400000000000004e-02
2.226199999999999707e-02
2.585800000000000251e-02
2.222000000000000017e-02
1.363000000000000279e-03
1.250999999999999942e-03
1.105999999999999995e-03
1.136999999999999990e-03
1.118999999999999986e-03
9.499999999999999981e-04
8.900000000000000576e-04
8.270000000000000441e-04
9.790000000000000525e-04
8.459999999999999638e-04
7.640000000000000306e-04
6.870000000000001106e-04
5.760000000000001230e-04
5.870000000000000651e-04
5.959999999999999586e-04
6.509999999999998860e-04
5.429999999999999714e-04
5.169999999999999899e-04
5.119999999999999768e-04
5.250000000000000760e-04
5.140000000000000254e-04
5.340000000000000779e-04
4.989999999999999861e-04
4.879999999999999898e-04
5.050000000000000235e-04
5.940000000000000184e-04
5.940000000000000184e-04
9.929999999999999591e-03
1.039200000000000193e-02
9.002000000000001320e-03
8.675999999999999684e-03
7.572999999999999871e-03
6.537000000000001143e-03
5.775999999999999884e-03
5.615000000000000199e-03
6.300000000000000044e-03
5.870000000000000218e-03
5.917999999999999650e-03
5.222000000000000947e-03
4.857000000000000206e-03
4.364999999999999956e-03
4.458999999999999422e-03
4.826999999999999694e-03
4.956000000000000336e-03
5.070000000000000721e-03
4.814000000000000570e-03
4.577000000000000339e-03
3.991999999999999889e-03
3.972999999999999969e-03
3.843000000000000062e-03
3.759000000000000188e-03
2.209800000000000306e-02
1.868900000000000075e-02
1.672500000000000028e-02
1.709600000000000009e-02
1.611399999999999985e-02
1.561900000000000267e-02
1.379000000000000017e-02
1.337200000000000021e-02
1.413000000000000193e-02
1.438299999999999995e-02
1.427299999999999923e-02
1.361300000000000010e-02
1.277400000000000063e-02
1.239599999999999903e-02
1.254500000000000060e-02
1.344200000000000082e-02
1.308100000000000061e-02
1.322099999999999838e-02
1.207599999999999819e-02
1.262400000000000154e-02
1.128900000000000216e-02
2.152000000000000093e-02
2.754400000000000251e-02
2.095800000000000093e-02
2.219000000000000139e-02
2.719500000000000042e-02
2.439200000000000049e-02
2.059000000000000066e-02
2.199599999999999819e-02
2.510800000000000184e-02
2.562199999999999894e-02
2.865699999999999845e-02
2.743499999999999758e-02
2.602400000000000199e-02
2.436800000000000424e-02
2.276000000000000245e-02
2.529699999999999657e-02
2.215300000000000255e-02
2.094000000000000028e-02
5.194999999999999965e-03
2.756100000000000216e-02
2.099199999999999677e-02
2.219800000000000245e-02
2.720400000000000248e-02
2.441699999999999773e-02
2.058900000000000313e-02
2.647500000000000200e-02
3.030700000000000061e-02
2.581100000000000061e-02
3.328000000000000402e-02
3.331699999999999939e-02
3.081599999999999964e-02
2.859099999999999836e-02
2.852100000000000121e-02
2.791199999999999931e-02
2.757499999999999882e-02
2.099499999999999977e-02
2.219400000000000192e-02
2.719300000000000189e-02
2.441699999999999773e-02
2.059300000000000366e-02
2.647500000000000200e-02
3.030599999999999961e-02
2.581199999999999814e-02
3.326799999999999896e-02
3.328499999999999515e-02
2.792700000000000043e-02
2.757499999999999882e-02
2.100400000000000184e-02
2.219300000000000092e-02
2.719099999999999989e-02
2.442800000000000180e-02
2.057999999999999760e-02
2.644199999999999676e-02
3.030900000000000261e-02
2.793900000000000203e-02
2.757599999999999982e-02
2.101599999999999996e-02
2.219499999999999945e-02
2.720500000000000002e-02
2.444300000000000292e-02
2.794900000000000162e-02
2.757900000000000282e-02
2.101099999999999843e-02
2.596999999999999916e-03
2.569000000000000103e-03
2.536999999999999759e-03
2.296999999999999563e-03
2.103000000000000268e-03
1.675999999999999972e-03
1.753000000000000218e-03
1.776999999999999934e-03
1.529000000000000194e-03
1.560999999999999888e-03
1.328000000000000187e-03
1.196000000000000014e-03
1.161999999999999839e-03
1.216000000000000067e-03
1.189000000000000170e-03
1.154999999999999994e-03
1.108999999999999960e-03
1.141000000000000087e-03
1.180000000000000059e-03
1.104000000000000163e-03
1.038000000000000077e-03
9.670000000000000860e-04
1.010000000000000047e-03
1.031000000000000015e-03
1.127599999999999957e-02
9.839000000000000523e-03
9.374000000000000388e-03
9.047000000000001221e-03
8.205999999999999753e-03
7.913999999999999160e-03
7.517000000000000244e-03
7.602000000000000250e-03
7.559000000000000614e-03
7.826000000000001358e-03
7.303999999999999729e-03
6.912999999999999874e-03
6.757000000000000853e-03
6.682000000000000439e-03
7.035000000000000454e-03
7.128999999999999920e-03
6.955000000000000245e-03
6.573999999999999982e-03
6.605999999999999893e-03
6.140999999999999757e-03
1.361500000000000037e-02
2.324500000000000177e-02
2.088500000000000079e-02
2.194099999999999870e-02
1.794499999999999915e-02
1.649800000000000225e-02
1.586299999999999863e-02
1.664799999999999960e-02
1.770200000000000246e-02
1.803199999999999942e-02
1.829100000000000170e-02
1.717700000000000130e-02
1.647299999999999806e-02
1.477299999999999967e-02
1.605400000000000230e-02
1.635299999999999948e-02
9.121999999999999900e-03
2.324800000000000130e-02
2.089699999999999891e-02
2.193400000000000211e-02
2.923300000000000204e-02
2.064699999999999869e-02
2.656900000000000234e-02
2.795100000000000015e-02
3.193000000000000005e-02
2.419100000000000070e-02
3.077200000000000074e-02
2.911699999999999705e-02
3.690699999999999537e-02
2.326900000000000149e-02
2.089600000000000138e-02
2.192599999999999758e-02
2.925200000000000022e-02
2.064999999999999822e-02
2.655499999999999874e-02
2.792700000000000043e-02
3.692000000000000143e-02
2.325600000000000236e-02
2.089300000000000185e-02
2.193200000000000011e-02
3.762000000000000153e-03
3.497000000000000108e-03
3.221000000000000339e-03
2.769999999999999893e-03
2.518000000000000273e-03
2.393000000000000162e-03
2.398000000000000392e-03
2.340000000000000066e-03
2.250000000000000264e-03
2.078000000000000420e-03
1.901000000000000129e-03
1.863000000000000289e-03
1.783000000000000080e-03
1.884000000000000258e-03
1.871000000000000050e-03
1.844000000000000153e-03
1.864000000000000205e-03
1.911999999999999854e-03
1.680000000000000070e-03
1.560000000000000189e-03
1.549000000000000246e-03
2.302999999999999926e-03
1.116300000000000105e-02
1.131400000000000114e-02
9.916000000000001202e-03
9.107999999999999777e-03
8.956000000000000419e-03
8.947000000000001826e-03
8.589000000000001148e-03
9.097000000000000919e-03
9.036000000000000629e-03
8.871999999999999678e-03
8.502000000000000876e-03
8.380999999999999561e-03
8.547000000000000777e-03
8.198999999999999691e-03
8.182999999999999302e-03
1.110000000000000092e-03
2.302199999999999733e-02
2.069700000000000012e-02
2.169800000000000201e-02
2.073999999999999802e-02
1.995600000000000152e-02
2.044500000000000137e-02
2.080100000000000005e-02
2.081399999999999917e-02
2.030999999999999819e-02
2.035400000000000056e-02
2.958300000000000166e-02
2.303499999999999992e-02
2.069900000000000212e-02
2.328400000000000261e-02
2.393599999999999894e-02
2.674500000000000141e-02
2.957900000000000112e-02
4.093000000000000284e-03
3.668999999999999519e-03
3.351999999999999945e-03
3.021000000000000248e-03
2.881000000000000314e-03
3.049000000000000061e-03
2.831000000000000617e-03
2.805999999999999901e-03
2.650000000000000012e-03
2.556999999999999811e-03
2.401999999999999622e-03
2.396999999999999825e-03
2.498000000000000220e-03
2.488000000000000194e-03
2.493000000000000424e-03
2.451000000000000054e-03
2.401999999999999622e-03
2.185000000000000310e-03
1.836899999999999991e-02
1.158099999999999928e-02
1.058699999999999919e-02
1.011599999999999999e-02
9.939999999999999183e-03
1.023899999999999984e-02
1.029700000000000060e-02
1.041499999999999891e-02
1.053800000000000049e-02
1.016499999999999869e-02
9.759999999999999579e-03
9.079999999999999530e-03
2.772099999999999911e-02
2.272899999999999920e-02
2.195100000000000176e-02
1.978500000000000050e-02
2.348499999999999893e-02
2.283199999999999813e-02
3.988000000000000225e-03
3.733000000000000207e-03
3.406000000000000173e-03
3.472000000000000260e-03
3.403000000000000209e-03
3.248999999999999718e-03
3.251000000000000417e-03
3.166000000000000411e-03
2.964000000000000055e-03
2.961999999999999789e-03
2.893000000000000172e-03
3.018000000000000283e-03
3.033999999999999805e-03
3.004999999999999859e-03
2.813000000000000396e-03
2.899999999999999800e-03
1.230499999999999997e-02
1.170700000000000039e-02
1.158099999999999928e-02
1.195700000000000061e-02
1.168600000000000021e-02
1.194300000000000049e-02
1.136999999999999990e-02
2.883300000000000099e-02
4.140999999999999716e-03
3.956000000000000315e-03
3.759999999999999887e-03
3.773000000000000312e-03
3.676000000000000448e-03
3.743999999999999932e-03
3.549999999999999770e-03
3.443000000000000314e-03
3.398999999999999678e-03
3.353999999999999777e-03
3.438999999999999783e-03
3.488000000000000215e-03
1.416400000000000124e-02
1.341000000000000004e-02
1.311700000000000192e-02
1.321099999999999879e-02
4.210000000000000200e-03
4.086000000000000222e-03
4.142999999999999981e-03
4.104000000000000009e-03
3.978999999999999898e-03
3.983999999999999694e-03
3.860000000000000150e-03
3.759000000000000188e-03
3.723999999999999880e-03
4.426999999999999512e-03
4.514999999999999916e-03
4.382999999999999743e-03
4.453000000000000361e-03
4.370000000000000620e-03
4.236000000000001049e-03
4.815999999999999968e-03
4.821999999999999897e-03
4.833999999999999755e-03
