2.682000000000000028e+01
4.846000000000000085e+01
-2.628999999999999915e+01
1.100000000000000000e+01
-1.998999999999999844e+01
3.300999999999999801e+01
3.870000000000000107e+00
-1.937000000000000099e+01
1.166999999999999993e+01
1.701000000000000156e+01
-2.089999999999999858e+01
8.279999999999999361e+00
-4.320000000000000284e+00
5.860000000000000320e+00
-7.600000000000000089e-01
2.282000000000000028e+01
2.339000000000000057e+01
-1.764999999999999858e+01
-6.300000000000000044e-01
1.107000000000000028e+01
-1.744999999999999929e+01
3.282999999999999829e+01
4.200000000000000178e+00
-2.912999999999999901e+01
6.192999999999999972e+01
-3.149999999999999911e+00
-2.244999999999999929e+01
4.349000000000000199e+01
-1.065000000000000036e+01
-1.374000000000000021e+01
7.589999999999999858e+00
-7.200000000000000178e+00
5.647999999999999687e+01
3.310000000000000053e+00
-1.134999999999999964e+01
2.029999999999999805e+00
1.810000000000000053e+00
2.944999999999999929e+01
-9.939999999999999503e+00
-1.294999999999999929e+01
2.003999999999999915e+01
-8.550000000000000711e+00
-1.685000000000000142e+01
1.699999999999999956e+00
8.699999999999999956e-01
-4.080000000000000071e+00
1.183000000000000007e+01
2.196999999999999886e+01
1.149999999999999911e+00
-1.066000000000000014e+01
4.660000000000000142e+00
-1.123000000000000043e+01
3.020000000000000018e+00
3.288000000000000256e+01
-2.475000000000000000e+01
1.441000000000000014e+01
4.828000000000000114e+01
-3.867999999999999972e+01
5.669999999999999929e+00
1.666000000000000014e+01
-2.376999999999999957e+01
-6.589999999999999858e+00
4.709999999999999964e+00
-4.122999999999999687e+01
5.179999999999999716e+00
-4.570000000000000284e+00
3.742000000000000171e+01
6.509999999999999787e+00
9.240000000000000213e+00
-3.870000000000000107e+00
-6.259999999999999787e+00
-6.980000000000000426e+00
5.089999999999999858e+00
-1.459999999999999964e+00
1.969999999999999973e+00
1.519999999999999929e+01
7.059999999999999609e+00
-2.080000000000000071e+00
-4.070000000000000284e+00
-9.259999999999999787e+00
1.033999999999999986e+01
5.320000000000000284e+00
-7.299999999999999822e-01
1.701999999999999957e+01
9.039999999999999147e+00
6.839999999999999858e+00
-5.059999999999999609e+00
-1.429999999999999938e+00
9.140000000000000568e+00
-1.908999999999999986e+01
1.336999999999999922e+01
-2.928000000000000114e+01
1.826999999999999957e+01
3.100000000000000089e+00
-3.040000000000000036e+00
9.369999999999999218e+00
3.000000000000000000e+01
-1.729999999999999982e+00
7.199999999999999734e-01
9.730000000000000426e+00
-6.600000000000000311e-01
1.400000000000000133e-01
1.190000000000000036e+01
5.300000000000000266e-01
-1.989000000000000057e+01
1.025999999999999979e+01
1.225999999999999979e+01
-1.628000000000000114e+01
4.667000000000000171e+01
1.191999999999999993e+01
-1.814000000000000057e+01
4.021000000000000085e+01
-8.880000000000000782e+00
-1.191000000000000014e+01
-3.642000000000000171e+01
4.342999999999999972e+01
-1.610000000000000142e+01
-2.626000000000000156e+01
2.571999999999999886e+01
1.188000000000000078e+01
-1.820000000000000062e+00
1.630000000000000071e+01
3.650000000000000000e+01
-1.773000000000000043e+01
9.529999999999999361e+00
6.750000000000000000e+00
-7.780000000000000249e+00
-3.859999999999999876e+00
1.830999999999999872e+01
-1.374000000000000021e+01
2.594999999999999929e+01
4.329999999999999716e+01
-1.147000000000000064e+01
4.389999999999999680e+00
4.411999999999999744e+01
1.123000000000000043e+01
-2.055999999999999872e+01
2.350000000000000089e+00
-2.064000000000000057e+01
-2.264999999999999858e+01
-2.351000000000000156e+01
4.111999999999999744e+01
1.183999999999999986e+01
-1.530000000000000071e+01
3.670000000000000284e+01
1.923000000000000043e+01
1.851000000000000156e+01
5.450000000000000178e+00
-3.379999999999999893e+00
3.325999999999999801e+01
1.607999999999999829e+01
9.679999999999999716e+00
9.550000000000000711e+00
-3.509999999999999787e+00
-6.665000000000000568e+01
-4.092000000000000171e+01
-1.222000000000000064e+01
4.030000000000000249e+00
1.060999999999999943e+01
8.220000000000000639e+00
-7.830000000000000071e+00
3.225999999999999801e+01
5.996000000000000085e+01
4.084000000000000341e+01
-7.440000000000000391e+00
4.786999999999999744e+01
3.677000000000000313e+01
-2.549999999999999822e+00
-2.903000000000000114e+01
1.388000000000000078e+01
3.836999999999999744e+01
-5.169999999999999929e+00
1.807999999999999829e+01
3.934000000000000341e+01
-2.144000000000000128e+01
1.673000000000000043e+01
6.163000000000000256e+01
-2.990000000000000213e+00
2.044000000000000128e+01
4.310999999999999943e+01
6.515000000000000568e+01
4.935999999999999943e+01
1.088000000000000078e+01
1.480000000000000071e+01
7.500000000000000000e-01
-1.782999999999999829e+01
1.844999999999999929e+01
4.419999999999999929e+00
2.446999999999999886e+01
1.243999999999999950e+01
-4.199999999999999845e-01
-6.139999999999999680e+00
1.074000000000000021e+01
-7.730000000000000426e+00
-4.780000000000000249e+00
-2.055999999999999872e+01
7.830000000000000071e+00
1.402999999999999936e+01
1.858400000000000034e+02
-1.739000000000000057e+01
6.245000000000000284e+01
-6.197999999999999687e+01
4.281000000000000227e+01
-1.340000000000000080e+00
-1.159999999999999920e+00
-1.783999999999999986e+01
1.463000000000000078e+01
-1.617000000000000171e+01
2.999999999999999889e-01
2.944000000000000128e+01
-2.823000000000000043e+01
-7.980000000000000426e+00
1.614999999999999858e+01
7.750000000000000000e+00
-1.086999999999999922e+01
-8.699999999999999956e-01
1.224000000000000021e+01
-1.685999999999999943e+01
1.557000000000000028e+01
9.269999999999999574e+00
-2.014999999999999858e+01
5.814000000000000057e+01
-1.028999999999999915e+01
1.719999999999999929e+01
-2.187999999999999901e+01
-9.960000000000000853e+00
-9.339999999999999858e+00
-1.379999999999999893e+00
2.970000000000000195e+00
2.782000000000000028e+01
-7.410000000000000142e+00
-1.294999999999999929e+01
3.584000000000000341e+01
-4.478999999999999915e+01
1.871000000000000085e+01
3.709999999999999964e+00
-9.419999999999999929e+00
-1.051999999999999957e+01
1.200000000000000000e+01
-1.441000000000000014e+01
-1.429999999999999938e+00
2.835000000000000142e+01
-2.562000000000000099e+01
-7.120000000000000107e+00
1.591000000000000014e+01
2.169999999999999929e+00
-1.041999999999999993e+01
-6.199999999999999956e-01
1.227999999999999936e+01
-1.712000000000000099e+01
1.411999999999999922e+01
5.219999999999999751e+00
-1.826000000000000156e+01
5.650999999999999801e+01
-9.160000000000000142e+00
3.988000000000000256e+01
-3.336999999999999744e+01
-1.691000000000000014e+01
-5.830000000000000071e+00
-2.479999999999999982e+00
1.400000000000000133e-01
3.317999999999999972e+01
-6.879999999999999893e+00
3.999000000000000199e+01
-4.920000000000000284e+01
1.817000000000000171e+01
5.969999999999999751e+00
-6.009999999999999787e+00
-1.313000000000000078e+01
9.390000000000000568e+00
-1.490000000000000036e+01
-2.500000000000000000e-01
1.787000000000000099e+01
-2.180000000000000071e+01
-6.190000000000000391e+00
1.499000000000000021e+01
4.147999999999999687e+01
-4.218999999999999773e+01
-4.389999999999999680e+00
1.258000000000000007e+01
-1.705999999999999872e+01
1.960000000000000142e+01
-1.270000000000000018e+00
-1.771000000000000085e+01
5.890999999999999659e+01
-1.108999999999999986e+01
5.549000000000000199e+01
-4.847999999999999687e+01
-2.048000000000000043e+01
-8.359999999999999432e+00
2.640000000000000124e+00
-3.020000000000000018e+00
3.572999999999999687e+01
-6.780000000000000249e+00
-6.535999999999999943e+01
2.278000000000000114e+01
1.255000000000000071e+01
-5.419999999999999929e+00
-2.005000000000000071e+01
9.330000000000000071e+00
-1.563000000000000078e+01
-2.700000000000000178e+00
2.751000000000000156e+01
-2.562999999999999901e+01
-8.839999999999999858e+00
9.250000000000000000e+01
1.132000000000000028e+01
-8.268999999999999773e+01
-9.250000000000000000e+00
1.508000000000000007e+01
-1.851000000000000156e+01
3.060999999999999943e+01
-4.809999999999999609e+00
-2.289000000000000057e+01
7.298999999999999488e+01
-1.755999999999999872e+01
7.384999999999999432e+01
-4.832999999999999829e+01
-1.691000000000000014e+01
-1.284999999999999964e+01
-1.207000000000000028e+01
-3.900000000000000133e-01
3.495000000000000284e+01
-5.719999999999999751e+00
1.801000000000000156e+01
1.197000000000000064e+01
-3.910000000000000142e+00
-1.619000000000000128e+01
-6.969999999999999751e+00
-1.860999999999999943e+01
3.310000000000000053e+00
4.253999999999999915e+01
-3.158999999999999986e+01
6.040000000000000036e+00
8.365000000000000568e+01
1.590000000000000036e+01
-7.082999999999999829e+01
-1.866000000000000014e+01
-9.609999999999999432e+00
-2.094999999999999929e+01
4.500999999999999801e+01
-1.143999999999999950e+01
-1.391000000000000014e+01
6.352000000000000313e+01
-2.869999999999999929e+01
9.076000000000000512e+01
-5.609000000000000341e+01
-1.040000000000000036e+01
-2.328999999999999915e+01
-7.259999999999999787e+00
3.900000000000000133e-01
3.422999999999999687e+01
-4.179999999999999716e+00
5.190000000000000391e+00
5.419999999999999929e+00
-1.258999999999999986e+01
-1.826999999999999957e+01
-1.598000000000000043e+01
8.300000000000000711e+00
3.260000000000000142e+01
-1.430000000000000071e+01
2.099999999999999922e-01
7.582999999999999829e+01
1.226999999999999957e+01
-6.773000000000000398e+01
-7.410000000000000142e+00
-2.189000000000000057e+01
-2.212000000000000099e+01
3.988000000000000256e+01
-1.224000000000000021e+01
-5.629999999999999893e+00
6.014999999999999858e+01
-4.935000000000000142e+01
1.103900000000000006e+02
-3.703999999999999915e+01
-2.460000000000000142e+01
-2.350000000000000000e+01
-4.410000000000000142e+00
9.100000000000000311e-01
3.250999999999999801e+01
-3.169999999999999929e+00
8.740000000000000213e+00
-1.458999999999999986e+01
-2.292000000000000171e+01
-1.499000000000000021e+01
1.601999999999999957e+01
2.753000000000000114e+01
-1.356000000000000050e+01
-7.099999999999999645e+00
6.700000000000000000e+01
2.207000000000000028e+01
-6.554999999999999716e+01
-8.519999999999999574e+00
-2.189999999999999858e+01
-1.610999999999999943e+01
1.525999999999999979e+01
-9.710000000000000853e+00
-5.009999999999999787e+00
5.563000000000000256e+01
-4.988000000000000256e+01
1.150799999999999983e+02
-4.817000000000000171e+01
-1.889000000000000057e+01
-2.225000000000000000e+01
-5.559999999999999609e+00
5.000000000000000000e-01
3.209000000000000341e+01
-1.169999999999999929e+00
-1.315000000000000036e+01
-2.696000000000000085e+01
-1.276999999999999957e+01
2.394999999999999929e+01
2.939999999999999858e+01
-1.985000000000000142e+01
-5.419999999999999929e+00
6.214999999999999858e+01
3.653000000000000114e+01
-6.979999999999999716e+01
4.839999999999999858e+00
-4.495000000000000284e+01
-1.219999999999999929e+01
8.330000000000000071e+00
-3.930000000000000160e+00
-1.301999999999999957e+01
6.297999999999999687e+01
3.374000000000000199e+01
3.236999999999999744e+01
-5.811999999999999744e+01
-1.048000000000000043e+01
-2.807999999999999829e+01
-6.190000000000000391e+00
8.900000000000000133e-01
3.114000000000000057e+01
0.000000000000000000e+00
-3.257000000000000028e+01
-1.022000000000000064e+01
2.066000000000000014e+01
2.703999999999999915e+01
-1.823999999999999844e+01
-7.700000000000000178e-01
5.315999999999999659e+01
4.760000000000000142e+01
-7.720000000000000284e+01
1.091999999999999993e+01
-5.468999999999999773e+01
-1.124000000000000021e+01
1.202999999999999936e+01
-1.216999999999999993e+01
-1.125999999999999979e+01
9.812999999999999545e+01
-2.121999999999999886e+01
6.625000000000000000e+01
-6.443000000000000682e+01
-4.839999999999999858e+00
-2.930000000000000071e+01
-5.780000000000000249e+00
1.469999999999999973e+00
3.078000000000000114e+01
1.090000000000000080e+00
-9.929999999999999716e+00
1.851999999999999957e+01
2.766000000000000014e+01
-1.469999999999999929e+01
2.109999999999999876e+00
5.006000000000000227e+01
4.372999999999999687e+01
-8.025000000000000000e+01
1.166999999999999993e+01
-5.721999999999999886e+01
-3.629999999999999893e+00
7.870000000000000107e+00
-1.692000000000000171e+01
7.117000000000000171e+01
3.600000000000000089e+00
-1.841000000000000014e+01
7.467000000000000171e+01
-6.651000000000000512e+01
1.909999999999999920e+00
-3.781000000000000227e+01
-3.609999999999999876e+00
-6.600000000000000311e-01
3.146000000000000085e+01
1.379999999999999893e+00
1.033000000000000007e+01
2.805999999999999872e+01
2.350000000000000089e+00
-3.819999999999999840e+00
4.599000000000000199e+01
4.114000000000000057e+01
-8.078000000000000114e+01
1.024000000000000021e+01
-5.636999999999999744e+01
8.499999999999999778e-01
1.810000000000000053e+00
1.052000000000000028e+02
-7.179000000000000625e+01
3.292999999999999972e+01
-1.767999999999999972e+01
7.487000000000000455e+01
-6.423999999999999488e+01
-2.620000000000000107e+00
-2.903999999999999915e+01
-3.390000000000000124e+00
2.099999999999999922e-01
3.173000000000000043e+01
1.399999999999999911e+00
2.975000000000000000e+01
2.930000000000000160e+00
3.300000000000000155e-01
3.310000000000000142e+01
4.240999999999999659e+01
-8.656000000000000227e+01
1.171000000000000085e+01
-5.475000000000000000e+01
5.750000000000000000e+00
8.706999999999999318e+01
-3.442999999999999972e+01
-1.835999999999999943e+01
3.834000000000000341e+01
-1.639000000000000057e+01
7.398000000000000398e+01
-6.377000000000000313e+01
9.799999999999999822e-01
-4.132000000000000028e+01
-2.669999999999999929e+00
-1.000000000000000000e+00
3.155000000000000071e+01
3.129999999999999893e+00
8.900000000000000355e+00
-6.799999999999999822e+00
2.948999999999999844e+01
3.572999999999999687e+01
-8.684000000000000341e+01
1.612999999999999901e+01
-5.957000000000000028e+01
1.496500000000000057e+02
-8.762000000000000455e+01
-7.709999999999999964e+00
-1.101999999999999957e+01
4.249000000000000199e+01
-1.826000000000000156e+01
7.965000000000000568e+01
-6.651999999999999602e+01
5.849999999999999645e+00
-4.517000000000000171e+01
-8.000000000000000444e-01
-1.780000000000000027e+00
3.082999999999999829e+01
1.189999999999999947e+00
-1.185999999999999943e+01
1.271000000000000085e+01
3.082000000000000028e+01
-9.350000000000000000e+01
1.873000000000000043e+01
8.614000000000000057e+01
-7.381999999999999318e+01
-1.003999999999999915e+01
-3.819999999999999840e+00
-6.650000000000000355e+00
4.357000000000000028e+01
-1.769999999999999929e+01
8.084999999999999432e+01
-6.737000000000000455e+01
1.383999999999999986e+01
-5.597999999999999687e+01
-1.219999999999999973e+00
-7.600000000000000089e-01
3.007000000000000028e+01
2.020000000000000018e+00
-2.069999999999999840e+00
1.516000000000000014e+01
-1.045900000000000034e+02
2.304699999999999989e+02
-1.549799999999999898e+02
-1.650000000000000000e+01
1.409999999999999920e+00
4.299999999999999933e-01
-5.370000000000000107e+00
4.211999999999999744e+01
-1.748999999999999844e+01
8.210999999999999943e+01
-6.737000000000000455e+01
1.519999999999999929e+01
-5.721000000000000085e+01
-1.260000000000000009e+00
-1.070000000000000062e+00
2.960999999999999943e+01
2.009999999999999787e+00
-6.404999999999999716e+01
2.555500000000000114e+02
-1.433100000000000023e+02
-4.421999999999999886e+01
-1.147000000000000064e+01
1.213000000000000078e+01
2.509999999999999787e+00
-5.040000000000000036e+00
4.163000000000000256e+01
-1.857000000000000028e+01
8.134999999999999432e+01
-6.556000000000000227e+01
1.334999999999999964e+01
-5.143999999999999773e+01
-2.080000000000000071e+00
-4.899999999999999911e-01
2.937000000000000099e+01
2.129999999999999893e+00
-4.116100000000000136e+02
-2.798000000000000043e+01
-3.235000000000000142e+01
-1.102999999999999936e+01
1.426999999999999957e+01
-1.620000000000000107e+00
-3.589999999999999858e+00
4.214999999999999858e+01
-1.667000000000000171e+01
7.865000000000000568e+01
-6.339999999999999858e+01
1.341999999999999993e+01
-4.771999999999999886e+01
-3.430000000000000160e+00
-7.099999999999999645e-01
2.985999999999999943e+01
1.719999999999999973e+00
-2.083999999999999986e+01
-3.439000000000000057e+01
-1.043999999999999950e+01
1.616000000000000014e+01
-8.800000000000000044e-01
-3.709999999999999964e+00
4.057000000000000028e+01
-1.373000000000000043e+01
7.726000000000000512e+01
-6.246000000000000085e+01
1.575999999999999979e+01
-4.910999999999999943e+01
-3.930000000000000160e+00
-1.110000000000000098e+00
3.030999999999999872e+01
2.450000000000000178e+00
-2.998999999999999844e+01
-9.669999999999999929e+00
1.607000000000000028e+01
-2.700000000000000178e-01
-3.870000000000000107e+00
4.018999999999999773e+01
-1.267999999999999972e+01
7.565999999999999659e+01
-6.102000000000000313e+01
7.339999999999999858e+00
-4.489999999999999858e+01
-3.740000000000000213e+00
-1.959999999999999964e+00
3.014000000000000057e+01
3.689999999999999947e+00
-6.049999999999999822e+00
1.651000000000000156e+01
-3.200000000000000067e-01
-3.459999999999999964e+00
4.120000000000000284e+01
-1.359999999999999964e+01
7.504999999999999716e+01
-6.010000000000000142e+01
1.522000000000000064e+01
-5.517000000000000171e+01
-3.220000000000000195e+00
-2.589999999999999858e+00
3.046000000000000085e+01
4.179999999999999716e+00
1.714999999999999858e+01
1.139999999999999902e+00
-3.359999999999999876e+00
3.942999999999999972e+01
-1.430000000000000071e+01
7.479999999999999716e+01
-5.845000000000000284e+01
1.921999999999999886e+01
-5.906000000000000227e+01
-3.109999999999999876e+00
-3.160000000000000142e+00
3.119000000000000128e+01
4.250000000000000000e+00
-3.499999999999999778e-01
-2.990000000000000213e+00
4.017000000000000171e+01
-1.510999999999999943e+01
7.445999999999999375e+01
-5.785999999999999943e+01
1.957999999999999829e+01
-6.068999999999999773e+01
-3.779999999999999805e+00
-2.529999999999999805e+00
3.167999999999999972e+01
3.979999999999999982e+00
-5.780000000000000249e+00
4.107000000000000028e+01
-1.277999999999999936e+01
7.239000000000000057e+01
-5.646999999999999886e+01
1.894999999999999929e+01
-6.074000000000000199e+01
-4.250000000000000000e+00
-2.399999999999999911e+00
3.164999999999999858e+01
4.200000000000000178e+00
4.214000000000000057e+01
-1.359999999999999964e+01
7.298999999999999488e+01
-5.609000000000000341e+01
2.339000000000000057e+01
-6.007999999999999829e+01
-4.080000000000000071e+00
-2.290000000000000036e+00
3.112000000000000099e+01
4.540000000000000036e+00
-1.288000000000000078e+01
7.218999999999999773e+01
-5.509000000000000341e+01
2.444000000000000128e+01
-6.197999999999999687e+01
-3.890000000000000124e+00
-2.589999999999999858e+00
3.119000000000000128e+01
4.240000000000000213e+00
7.365999999999999659e+01
-5.410000000000000142e+01
2.083999999999999986e+01
-6.152000000000000313e+01
-3.629999999999999893e+00
-1.810000000000000053e+00
2.975000000000000000e+01
3.700000000000000178e+00
-5.325000000000000000e+01
2.071999999999999886e+01
-5.984000000000000341e+01
-3.310000000000000053e+00
-7.299999999999999822e-01
2.787999999999999901e+01
3.240000000000000213e+00
2.123999999999999844e+01
-5.815999999999999659e+01
-3.220000000000000195e+00
-6.400000000000000133e-01
2.701000000000000156e+01
2.939999999999999947e+00
-5.907000000000000028e+01
-3.270000000000000018e+00
-2.000000000000000111e-01
2.582999999999999829e+01
2.899999999999999911e+00
1.590000000000000080e+00
6.899999999999999467e-01
2.539999999999999858e+01
2.890000000000000124e+00
1.800000000000000044e+00
2.482999999999999829e+01
2.899999999999999911e+00
2.428000000000000114e+01
2.910000000000000142e+00
2.060000000000000053e+00
-4.628000000000000114e+01
-6.907999999999999829e+01
-4.489999999999999858e+01
3.450999999999999801e+01
-1.383000000000000007e+01
-5.072999999999999687e+01
-1.539000000000000057e+01
-1.891000000000000014e+01
4.068999999999999773e+01
7.790000000000000036e+00
-2.000000000000000000e+01
6.132000000000000028e+01
5.296999999999999886e+01
-1.005000000000000071e+01
-6.067999999999999972e+01
-7.709999999999999432e+01
-3.900999999999999801e+01
7.730000000000000426e+00
1.482000000000000028e+01
-7.849999999999999645e+00
2.966000000000000014e+01
2.057999999999999829e+01
5.500999999999999801e+01
2.339999999999999858e+00
-2.351999999999999957e+01
-2.732000000000000028e+01
-6.560999999999999943e+01
-1.439999999999999947e+00
1.714000000000000057e+01
3.450000000000000000e+01
-7.009999999999999787e+00
6.762000000000000455e+01
-9.640000000000000568e+00
-6.228000000000000114e+01
-1.575999999999999979e+01
-1.471000000000000085e+01
4.157000000000000028e+01
1.650000000000000000e+01
-1.925000000000000000e+01
5.500999999999999801e+01
4.138000000000000256e+01
-9.109999999999999432e+00
-3.500999999999999801e+01
-7.370999999999999375e+01
-4.489000000000000057e+01
6.429999999999999716e+00
1.484999999999999964e+01
-5.820000000000000284e+00
2.869999999999999929e+01
1.556000000000000050e+01
5.257999999999999829e+01
1.919999999999999929e+00
-2.417000000000000171e+01
-2.439000000000000057e+01
-6.210000000000000142e+01
-3.129999999999999893e+00
1.637000000000000099e+01
3.303000000000000114e+01
-1.022000000000000064e+01
-7.012000000000000455e+01
-2.212000000000000099e+01
-1.436999999999999922e+01
5.271000000000000085e+01
3.846000000000000085e+01
-2.907999999999999829e+01
4.234000000000000341e+01
4.142999999999999972e+01
-1.336999999999999922e+01
-3.260999999999999943e+01
-8.120999999999999375e+01
-5.529999999999999716e+01
5.459999999999999964e+00
1.356000000000000050e+01
-1.233999999999999986e+01
1.816000000000000014e+01
1.575000000000000000e+01
5.945000000000000284e+01
2.357000000000000028e+01
-1.967000000000000171e+01
-3.425000000000000000e+01
-6.784999999999999432e+01
-3.699999999999999956e-01
1.778999999999999915e+01
3.286999999999999744e+01
-4.802000000000000313e+01
-7.540000000000000036e+00
7.487000000000000455e+01
4.821000000000000085e+01
-4.463000000000000256e+01
4.064000000000000057e+01
4.579999999999999716e+01
-1.717000000000000171e+01
-2.328000000000000114e+01
-8.082999999999999829e+01
-6.510999999999999943e+01
1.949999999999999956e+00
9.399999999999999467e-01
-2.267000000000000171e+01
7.495999999999999375e+01
9.826000000000000512e+01
3.281000000000000227e+01
-1.978000000000000114e+01
-1.871000000000000085e+01
-3.180999999999999872e+01
-7.381000000000000227e+01
1.110000000000000098e+00
1.955999999999999872e+01
3.321999999999999886e+01
7.559999999999999432e+01
6.760999999999999943e+01
-2.041000000000000014e+01
3.645000000000000284e+01
4.607000000000000028e+01
-2.096999999999999886e+01
-4.135999999999999943e+01
-8.048999999999999488e+01
-6.648999999999999488e+01
-3.720000000000000195e+00
1.277399999999999949e+02
9.040999999999999659e+01
-2.953999999999999915e+01
-1.273000000000000043e+01
3.760000000000000142e+01
-9.580000000000000071e+00
-1.801999999999999957e+01
-3.012999999999999901e+01
-7.065000000000000568e+01
2.189999999999999947e+00
1.817000000000000171e+01
3.390999999999999659e+01
-1.211999999999999922e+01
2.879999999999999893e+00
2.821000000000000085e+01
-3.829999999999999716e+01
-3.465999999999999659e+01
-5.757999999999999829e+01
1.085499999999999972e+02
1.394499999999999886e+02
-6.809000000000000341e+01
-7.689000000000000057e+01
-1.300000000000000044e-01
5.009999999999999787e+00
4.142000000000000171e+01
1.580000000000000071e+00
-1.667999999999999972e+01
-3.005999999999999872e+01
-7.075000000000000000e+01
5.200000000000000178e+00
1.805000000000000071e+01
3.151000000000000156e+01
-2.923000000000000043e+01
-8.976999999999999602e+01
2.148899999999999864e+02
1.934000000000000057e+02
-1.480900000000000034e+02
-9.512000000000000455e+01
-7.009999999999999787e+00
-2.310999999999999943e+01
1.166999999999999993e+01
1.231000000000000050e+01
4.235999999999999943e+01
3.410000000000000142e+00
-1.458000000000000007e+01
-2.921000000000000085e+01
-6.918000000000000682e+01
6.379999999999999893e+00
1.726000000000000156e+01
2.512000000000000099e+01
-2.817099999999999795e+02
-2.119199999999999875e+02
-5.789000000000000057e+01
-1.632999999999999829e+01
9.599999999999999645e-01
-1.662000000000000099e+01
1.466000000000000014e+01
1.505000000000000071e+01
4.306000000000000227e+01
4.490000000000000213e+00
-1.717000000000000171e+01
-2.833999999999999986e+01
-6.600000000000000000e+01
1.780000000000000027e+00
1.801999999999999957e+01
3.132999999999999829e+01
-3.978000000000000114e+01
-5.219999999999999751e+00
7.650000000000000355e+00
-1.191999999999999993e+01
1.510999999999999943e+01
8.929999999999999716e+00
4.288000000000000256e+01
-1.459999999999999964e+00
-2.014000000000000057e+01
-2.605000000000000071e+01
-6.595000000000000284e+01
1.300000000000000044e+00
1.785000000000000142e+01
3.092000000000000171e+01
1.192999999999999972e+01
-8.240000000000000213e+00
1.331000000000000050e+01
9.900000000000000355e+00
4.507999999999999829e+01
-1.909999999999999920e+00
-1.692000000000000171e+01
-2.814999999999999858e+01
-6.723000000000000398e+01
5.169999999999999929e+00
1.673000000000000043e+01
2.778000000000000114e+01
1.308999999999999986e+01
1.191999999999999993e+01
4.517999999999999972e+01
6.389999999999999680e+00
-1.365000000000000036e+01
-2.575000000000000000e+01
-7.187999999999999545e+01
2.890000000000000124e+00
1.750000000000000000e+01
2.937000000000000099e+01
4.511999999999999744e+01
5.040000000000000036e+00
-1.244999999999999929e+01
-2.767999999999999972e+01
-7.529000000000000625e+01
1.860000000000000098e+00
1.687000000000000099e+01
3.039000000000000057e+01
-9.900000000000000355e+00
-2.532999999999999829e+01
-7.525000000000000000e+01
5.600000000000000533e-01
1.572000000000000064e+01
3.150000000000000000e+01
-7.273999999999999488e+01
1.159999999999999920e+00
1.376999999999999957e+01
3.249000000000000199e+01
1.348000000000000043e+01
3.217999999999999972e+01
-4.992999999999999972e+01
-7.189000000000000057e+01
-2.267000000000000171e+01
-6.553000000000000114e+01
-2.592999999999999972e+01
1.243999999999999950e+01
2.520000000000000018e+00
-2.080000000000000071e+00
4.899999999999999911e-01
2.432999999999999829e+01
3.361999999999999744e+01
-3.139999999999999858e+01
-8.534999999999999432e+01
-8.170000000000000284e+01
-3.000000000000000000e+01
9.990000000000000213e+00
8.699999999999999956e-01
2.508999999999999986e+01
-1.120000000000000107e+00
8.918999999999999773e+01
-1.158000000000000007e+01
5.000999999999999801e+01
-1.006200000000000045e+02
-2.657000000000000028e+01
-8.051999999999999602e+01
2.037999999999999901e+01
3.021000000000000085e+01
-4.732000000000000028e+01
-3.331000000000000227e+01
4.185999999999999943e+01
6.209999999999999964e+00
1.115000000000000036e+01
3.120000000000000107e+00
4.275000000000000000e+01
4.310999999999999943e+01
-3.051999999999999957e+01
-9.715999999999999659e+01
-8.528000000000000114e+01
-2.941000000000000014e+01
8.529999999999999361e+00
5.509999999999999787e+00
1.773999999999999844e+01
9.380000000000000782e+00
9.129000000000000625e+01
-2.180000000000000160e+00
4.242000000000000171e+01
-1.005400000000000063e+02
-3.046999999999999886e+01
-8.065000000000000568e+01
1.991000000000000014e+01
3.069999999999999929e+01
3.023000000000000043e+01
1.406000000000000050e+01
-5.900000000000000355e+00
2.271999999999999886e+01
5.197999999999999687e+01
-3.810000000000000142e+01
-1.174800000000000040e+02
-9.340999999999999659e+01
-5.777000000000000313e+01
1.034500000000000028e+02
6.243999999999999773e+01
7.198000000000000398e+01
-2.675000000000000000e+01
5.210999999999999943e+01
-1.996000000000000085e+01
4.322999999999999687e+01
-1.010600000000000023e+02
-2.969999999999999929e+01
-8.098999999999999488e+01
2.116000000000000014e+01
3.265999999999999659e+01
-2.494999999999999929e+01
-2.939999999999999858e+01
-7.057999999999999829e+01
6.796999999999999886e+01
1.320099999999999909e+02
1.001200000000000045e+02
-4.003999999999999915e+01
-9.309999999999999432e+01
-2.917999999999999972e+01
-1.292999999999999972e+01
7.190999999999999659e+01
-1.667000000000000171e+01
3.878999999999999915e+01
-1.014899999999999949e+02
-2.855000000000000071e+01
-7.376999999999999602e+01
2.012000000000000099e+01
3.292999999999999972e+01
-2.932099999999999795e+02
-1.763799999999999955e+02
-2.377400000000000091e+02
-3.229999999999999982e+00
-2.705000000000000071e+01
3.020000000000000018e+00
-9.929999999999999716e+00
8.217000000000000171e+01
-1.230000000000000071e+01
3.861999999999999744e+01
-1.057999999999999972e+02
-2.730000000000000071e+01
-7.085999999999999943e+01
2.050000000000000000e+01
3.139000000000000057e+01
2.620000000000000107e+00
-1.449000000000000021e+01
8.130000000000000782e+00
-1.189999999999999947e+00
8.723000000000000398e+01
-9.890000000000000568e+00
3.636999999999999744e+01
-1.048900000000000006e+02
-2.566000000000000014e+01
-7.050000000000000000e+01
1.912999999999999901e+01
2.989999999999999858e+01
1.399999999999999911e+00
9.318999999999999773e+01
-1.018999999999999950e+01
3.724000000000000199e+01
-1.060499999999999972e+02
-2.676000000000000156e+01
-6.918000000000000682e+01
1.707999999999999829e+01
2.919999999999999929e+01
2.376999999999999957e+01
-1.049699999999999989e+02
-2.394000000000000128e+01
-6.372999999999999687e+01
1.683999999999999986e+01
2.812000000000000099e+01
-6.350000000000000000e+01
1.760000000000000142e+01
2.867000000000000171e+01
-1.379799999999999898e+02
-6.606999999999999318e+01
1.199000000000000021e+01
-5.228000000000000114e+01
1.590000000000000080e+00
9.269999999999999574e+00
-1.230000000000000071e+01
-1.909999999999999920e+00
-6.679999999999999716e+00
-7.962000000000000455e+01
-9.643000000000000682e+01
-6.551000000000000512e+01
-3.089999999999999858e+01
-4.509999999999999787e+00
2.123000000000000043e+01
1.419999999999999929e+00
7.737999999999999545e+01
1.594999999999999929e+01
2.357999999999999829e+01
-2.512999999999999901e+01
-1.145100000000000051e+02
-2.710000000000000142e+01
-5.024000000000000199e+01
3.565999999999999659e+01
2.180000000000000160e+00
4.245000000000000284e+01
-5.480000000000000426e+00
1.022000000000000064e+01
1.280000000000000027e+00
-8.495999999999999375e+01
-9.140000000000000568e+01
-7.998000000000000398e+01
1.239999999999999991e+00
1.862000000000000099e+01
5.035999999999999943e+01
4.157999999999999829e+01
5.314000000000000057e+01
2.810000000000000053e+00
1.539000000000000057e+01
-4.340999999999999659e+01
-1.129000000000000057e+02
-2.762999999999999901e+01
-4.981000000000000227e+01
3.702000000000000313e+01
2.512199999999999989e+02
1.005100000000000051e+02
1.685900000000000034e+02
1.205400000000000063e+02
-1.096200000000000045e+02
-6.314000000000000057e+01
-6.175000000000000000e+01
-3.739000000000000057e+01
6.606000000000000227e+01
1.326999999999999957e+01
1.962999999999999901e+01
-3.429999999999999716e+01
-1.135499999999999972e+02
-2.998999999999999844e+01
-5.239999999999999858e+01
3.742000000000000171e+01
-5.247999999999999687e+01
-1.857000000000000028e+01
-8.259999999999999787e+00
-9.669999999999999929e+00
6.893000000000000682e+01
1.506000000000000050e+01
2.035999999999999943e+01
-2.771999999999999886e+01
-1.129000000000000057e+02
-2.935000000000000142e+01
-4.785999999999999943e+01
3.653000000000000114e+01
7.281000000000000227e+01
1.835999999999999943e+01
1.955999999999999872e+01
-2.569000000000000128e+01
-1.117600000000000051e+02
-2.758999999999999986e+01
-4.728000000000000114e+01
3.531000000000000227e+01
-1.086899999999999977e+02
-2.696000000000000085e+01
-4.450000000000000000e+01
3.657999999999999829e+01
7.410000000000000142e+00
-1.172500000000000000e+02
-1.860000000000000142e+01
2.723999999999999844e+01
-6.606000000000000227e+01
-9.315999999999999659e+01
-6.776999999999999602e+01
-6.389999999999999858e+01
-9.006999999999999318e+01
-5.714000000000000057e+01
-5.467999999999999972e+01
1.832999999999999829e+01
2.099999999999999922e-01
8.332999999999999829e+01
-6.099999999999999867e-01
6.395000000000000284e+01
-4.472999999999999687e+01
-2.330999999999999872e+01
-1.206500000000000057e+02
-9.710000000000000853e+00
-4.029999999999999716e+01
-1.521899999999999977e+02
3.709000000000000341e+01
1.261999999999999922e+01
-1.002999999999999936e+01
9.720000000000000639e+00
1.639999999999999858e+01
-5.360000000000000320e+00
-2.217000000000000171e+01
5.436999999999999744e+01
-2.675000000000000000e+01
2.021999999999999886e+01
-4.439000000000000057e+01
-2.150000000000000000e+01
-1.213599999999999994e+02
-1.158999999999999986e+01
-3.668999999999999773e+01
-3.338999999999999773e+02
1.075000000000000000e+01
-7.639999999999999680e+00
7.190999999999999659e+01
-1.248000000000000043e+01
2.332999999999999829e+01
-4.218999999999999773e+01
-2.266000000000000014e+01
-1.213700000000000045e+02
-1.097000000000000064e+01
-3.046000000000000085e+01
2.557999999999999829e+01
-3.907999999999999829e+01
-2.073000000000000043e+01
-1.199399999999999977e+02
-1.014000000000000057e+01
-2.892000000000000171e+01
-2.408999999999999986e+01
-9.980000000000000426e+00
-3.200999999999999801e+01
-1.086500000000000057e+02
-1.956399999999999864e+02
-6.976000000000000512e+01
-6.271999999999999886e+01
-7.401000000000000512e+01
-7.345999999999999375e+01
-3.850999999999999801e+01
2.359999999999999876e+00
8.725000000000000000e+01
5.530000000000000249e+00
1.469999999999999929e+01
-1.951000000000000156e+01
-4.171999999999999886e+01
-2.751999999999999957e+01
-9.018999999999999773e+01
-6.230000000000000426e+00
-1.450399999999999920e+02
-9.943000000000000682e+01
-9.990000000000000568e+01
-4.213000000000000256e+01
7.400000000000000355e+00
-2.901000000000000156e+01
1.882999999999999829e+01
-2.014000000000000057e+01
-4.246000000000000085e+01
-2.848000000000000043e+01
-8.998999999999999488e+01
-6.980000000000000426e+00
1.907000000000000028e+01
-1.488000000000000078e+01
-3.938000000000000256e+01
-2.664000000000000057e+01
-8.871999999999999886e+01
-5.790000000000000036e+00
-1.679900000000000091e+02
-1.486999999999999886e+02
-1.537199999999999989e+02
-1.232300000000000040e+02
-9.089000000000000057e+01
-5.150000000000000000e+01
-4.100000000000000000e+01
7.918999999999999773e+01
-4.000000000000000222e-01
2.192000000000000171e+01
-3.482999999999999829e+01
-1.532000000000000028e+01
-4.935999999999999943e+01
-6.639999999999999680e+00
-8.190999999999999659e+01
-7.771999999999999886e+01
2.259999999999999787e+00
3.374000000000000199e+01
-2.683999999999999986e+01
-1.285999999999999943e+01
-4.674000000000000199e+01
-5.980000000000000426e+00
-7.987999999999999545e+01
-7.632999999999999829e+01
-1.023599999999999994e+02
-1.042399999999999949e+02
-8.720999999999999375e+01
-6.420000000000000284e+01
3.350000000000000089e+00
-8.419999999999999929e+00
4.332999999999999829e+01
-2.405999999999999872e+01
-2.848000000000000043e+01
-1.700000000000000000e+01
-1.964999999999999858e+01
9.699999999999999734e-01
-2.358999999999999986e+01
-1.589000000000000057e+01
-1.748999999999999844e+01
1.790000000000000036e+00
-1.722899999999999920e+02
-1.558000000000000007e+01
-2.717999999999999972e+01
3.046999999999999886e+01
-2.160999999999999943e+01
-2.023000000000000043e+01
-2.830000000000000071e+01
9.419999999999999929e+00
-1.223000000000000043e+01
-4.549999999999999822e+00
-2.726000000000000156e+01
-1.717000000000000171e+01
-2.339999999999999858e+01
-3.729999999999999982e+00
1.317999999999999972e+01
-2.048000000000000043e+01
3.430000000000000160e+00
3.790000000000000036e+00
