1.679999999999999938e+00
1.189999999999999947e+00
1.479999999999999982e+00
1.760000000000000009e+00
2.140000000000000124e+00
1.850000000000000089e+00
1.840000000000000080e+00
2.100000000000000089e+00
1.090000000000000080e+00
1.520000000000000018e+00
1.149999999999999911e+00
1.139999999999999902e+00
6.099999999999999867e-01
1.149999999999999911e+00
9.399999999999999467e-01
1.320000000000000062e+00
1.270000000000000018e+00
4.600000000000000200e-01
1.750000000000000000e+00
2.109999999999999876e+00
1.030000000000000027e+00
1.530000000000000027e+00
1.219999999999999973e+00
1.709999999999999964e+00
1.580000000000000071e+00
9.200000000000000400e-01
1.780000000000000027e+00
2.020000000000000018e+00
1.280000000000000027e+00
3.779999999999999805e+00
3.720000000000000195e+00
1.860000000000000098e+00
2.410000000000000142e+00
5.799999999999999600e-01
7.600000000000000089e-01
1.030000000000000027e+00
1.229999999999999982e+00
1.050000000000000044e+00
1.350000000000000089e+00
7.600000000000000089e-01
2.370000000000000107e+00
1.159999999999999920e+00
1.449999999999999956e+00
1.790000000000000036e+00
1.270000000000000018e+00
1.270000000000000018e+00
3.810000000000000053e+00
2.029999999999999805e+00
1.129999999999999893e+00
1.949999999999999956e+00
1.570000000000000062e+00
1.979999999999999982e+00
2.049999999999999822e+00
9.300000000000000488e-01
6.999999999999999556e-01
9.599999999999999645e-01
1.929999999999999938e+00
1.280000000000000027e+00
1.929999999999999938e+00
1.649999999999999911e+00
1.280000000000000027e+00
1.510000000000000009e+00
1.389999999999999902e+00
6.999999999999999556e-01
4.500000000000000111e-01
3.599999999999999867e-01
5.200000000000000178e-01
9.000000000000000222e-01
5.400000000000000355e-01
4.799999999999999822e-01
2.600000000000000089e-01
5.799999999999999600e-01
4.500000000000000111e-01
7.099999999999999645e-01
6.999999999999999556e-01
5.799999999999999600e-01
6.600000000000000311e-01
8.299999999999999600e-01
8.100000000000000533e-01
5.200000000000000178e-01
6.999999999999999556e-01
1.199999999999999956e+00
1.370000000000000107e+00
1.020000000000000018e+00
8.100000000000000533e-01
1.340000000000000080e+00
9.899999999999999911e-01
1.080000000000000071e+00
9.000000000000000222e-01
6.899999999999999467e-01
6.099999999999999867e-01
6.400000000000000133e-01
5.799999999999999600e-01
4.299999999999999933e-01
3.099999999999999978e-01
8.599999999999999867e-01
2.919999999999999929e+00
2.990000000000000213e+00
9.100000000000000311e-01
7.199999999999999734e-01
3.499999999999999778e-01
5.699999999999999512e-01
3.300000000000000155e-01
5.500000000000000444e-01
8.000000000000000444e-01
5.999999999999999778e-01
5.600000000000000533e-01
8.100000000000000533e-01
8.100000000000000533e-01
6.400000000000000133e-01
7.099999999999999645e-01
7.600000000000000089e-01
5.600000000000000533e-01
5.300000000000000266e-01
3.599999999999999867e-01
2.700000000000000178e-01
4.500000000000000111e-01
5.699999999999999512e-01
3.599999999999999867e-01
6.300000000000000044e-01
3.400000000000000244e-01
5.899999999999999689e-01
3.200000000000000067e-01
5.799999999999999600e-01
4.799999999999999822e-01
1.700000000000000122e-01
5.000000000000000000e-01
6.600000000000000311e-01
5.400000000000000355e-01
3.699999999999999956e-01
4.899999999999999911e-01
3.800000000000000044e-01
4.099999999999999756e-01
6.199999999999999956e-01
2.700000000000000178e-01
4.600000000000000200e-01
5.999999999999999778e-01
4.299999999999999933e-01
9.100000000000000311e-01
7.099999999999999645e-01
8.499999999999999778e-01
1.700000000000000122e-01
3.800000000000000044e-01
7.199999999999999734e-01
2.000000000000000111e-01
9.100000000000000311e-01
6.999999999999999556e-01
4.099999999999999756e-01
2.800000000000000266e-01
5.300000000000000266e-01
4.299999999999999933e-01
2.300000000000000100e-01
4.600000000000000200e-01
4.199999999999999845e-01
8.100000000000000533e-01
1.040000000000000036e+00
8.000000000000000444e-01
2.999999999999999889e-01
4.899999999999999911e-01
6.099999999999999867e-01
2.899999999999999800e-01
5.999999999999999778e-01
5.999999999999999778e-01
2.999999999999999889e-01
6.300000000000000044e-01
3.699999999999999956e-01
5.600000000000000533e-01
2.999999999999999889e-01
8.900000000000000133e-01
7.399999999999999911e-01
3.699999999999999956e-01
2.999999999999999889e-01
7.399999999999999911e-01
4.400000000000000022e-01
1.000000000000000000e+00
6.400000000000000133e-01
2.700000000000000178e-01
5.200000000000000178e-01
7.600000000000000089e-01
1.600000000000000033e-01
3.800000000000000044e-01
3.699999999999999956e-01
5.899999999999999689e-01
4.299999999999999933e-01
3.699999999999999956e-01
7.299999999999999822e-01
6.800000000000000488e-01
4.199999999999999845e-01
8.599999999999999867e-01
1.499999999999999944e-01
3.099999999999999978e-01
2.899999999999999800e-01
2.899999999999999800e-01
6.800000000000000488e-01
5.000000000000000000e-01
6.500000000000000222e-01
3.699999999999999956e-01
5.699999999999999512e-01
6.839999999999999858e+00
1.830000000000000071e+00
2.540000000000000036e+00
1.340000000000000080e+00
2.450000000000000178e+00
1.280000000000000027e+00
1.679999999999999938e+00
2.020000000000000018e+00
1.689999999999999947e+00
8.100000000000000533e-01
1.239999999999999991e+00
1.060000000000000053e+00
1.290000000000000036e+00
7.800000000000000266e-01
1.429999999999999938e+00
1.550000000000000044e+00
1.889999999999999902e+00
8.399999999999999689e-01
2.390000000000000124e+00
2.959999999999999964e+00
1.120000000000000107e+00
6.300000000000000044e-01
8.299999999999999600e-01
1.340000000000000080e+00
7.500000000000000000e-01
9.799999999999999822e-01
6.800000000000000488e-01
1.429999999999999938e+00
1.379999999999999893e+00
2.580000000000000071e+00
2.169999999999999929e+00
1.830000000000000071e+00
2.919999999999999929e+00
4.899999999999999911e-01
4.099999999999999756e-01
7.199999999999999734e-01
7.900000000000000355e-01
1.799999999999999933e-01
5.999999999999999778e-01
2.600000000000000089e-01
1.260000000000000009e+00
1.250000000000000000e+00
3.599999999999999867e-01
5.000000000000000000e-01
6.800000000000000488e-01
7.299999999999999822e-01
5.699999999999999512e-01
4.500000000000000111e-01
8.499999999999999778e-01
4.500000000000000111e-01
6.099999999999999867e-01
8.100000000000000533e-01
7.199999999999999734e-01
9.499999999999999556e-01
8.000000000000000444e-01
1.010000000000000009e+00
4.600000000000000200e-01
3.900000000000000133e-01
9.200000000000000400e-01
1.110000000000000098e+00
7.900000000000000355e-01
6.999999999999999556e-01
1.020000000000000018e+00
5.100000000000000089e-01
4.799999999999999822e-01
1.900000000000000022e-01
5.799999999999999600e-01
5.699999999999999512e-01
3.499999999999999778e-01
5.799999999999999600e-01
3.800000000000000044e-01
3.599999999999999867e-01
3.400000000000000244e-01
2.500000000000000000e-01
7.700000000000000178e-01
8.199999999999999512e-01
6.600000000000000311e-01
7.500000000000000000e-01
6.999999999999999556e-01
9.000000000000000222e-01
4.699999999999999734e-01
2.300000000000000100e-01
6.999999999999999556e-01
5.799999999999999600e-01
5.799999999999999600e-01
8.000000000000000444e-01
4.400000000000000022e-01
5.699999999999999512e-01
2.399999999999999911e-01
1.120000000000000107e+00
7.600000000000000089e-01
5.899999999999999689e-01
3.900000000000000133e-01
4.899999999999999911e-01
2.800000000000000266e-01
2.099999999999999922e-01
6.800000000000000488e-01
9.799999999999999822e-01
5.000000000000000000e-01
1.400000000000000133e-01
5.300000000000000266e-01
3.699999999999999956e-01
3.499999999999999778e-01
1.400000000000000133e-01
4.600000000000000200e-01
9.000000000000000222e-01
5.799999999999999600e-01
4.299999999999999933e-01
1.000000000000000056e-01
9.399999999999999467e-01
4.299999999999999933e-01
8.000000000000000167e-02
5.999999999999999778e-01
5.600000000000000533e-01
4.500000000000000111e-01
9.300000000000000488e-01
4.199999999999999845e-01
7.800000000000000266e-01
4.299999999999999933e-01
8.900000000000000133e-01
5.799999999999999600e-01
5.100000000000000089e-01
4.199999999999999845e-01
2.700000000000000178e-01
3.099999999999999978e-01
1.799999999999999933e-01
9.300000000000000488e-01
1.400000000000000133e-01
1.499999999999999944e-01
3.400000000000000244e-01
1.700000000000000122e-01
4.699999999999999734e-01
1.900000000000000022e-01
3.300000000000000155e-01
1.050000000000000044e+00
2.899999999999999800e-01
3.699999999999999956e-01
8.299999999999999600e-01
9.200000000000000400e-01
6.199999999999999956e-01
5.600000000000000533e-01
7.600000000000000089e-01
3.099999999999999978e-01
3.599999999999999867e-01
5.000000000000000000e-01
4.299999999999999933e-01
1.010000000000000009e+00
2.899999999999999800e-01
9.200000000000000400e-01
1.700000000000000122e-01
9.399999999999999467e-01
4.400000000000000022e-01
2.399999999999999911e-01
2.899999999999999800e-01
2.000000000000000111e-01
5.200000000000000178e-01
4.000000000000000222e-01
5.699999999999999512e-01
9.399999999999999467e-01
5.899999999999999689e-01
2.500000000000000000e-01
3.400000000000000244e-01
8.800000000000000044e-01
3.499999999999999778e-01
3.800000000000000044e-01
6.800000000000000488e-01
9.799999999999999822e-01
4.699999999999999734e-01
7.900000000000000355e-01
7.700000000000000178e-01
3.099999999999999978e-01
4.600000000000000200e-01
4.699999999999999734e-01
3.699999999999999956e-01
1.010000000000000009e+00
2.999999999999999889e-01
8.199999999999999512e-01
8.900000000000000133e-01
7.500000000000000000e-01
4.500000000000000111e-01
2.099999999999999922e-01
4.000000000000000222e-01
1.799999999999999933e-01
5.899999999999999689e-01
1.300000000000000044e+00
1.939999999999999947e+00
1.250000000000000000e+00
5.699999999999999512e-01
5.400000000000000355e-01
1.219999999999999973e+00
5.600000000000000533e-01
5.100000000000000089e-01
1.479999999999999982e+00
1.179999999999999938e+00
4.899999999999999911e-01
7.299999999999999822e-01
7.399999999999999911e-01
4.799999999999999822e-01
5.100000000000000089e-01
4.400000000000000022e-01
4.799999999999999822e-01
1.389999999999999902e+00
4.799999999999999822e-01
1.409999999999999920e+00
9.499999999999999556e-01
8.100000000000000533e-01
2.899999999999999800e-01
1.900000000000000022e-01
4.099999999999999756e-01
1.700000000000000122e-01
1.199999999999999956e+00
3.149999999999999911e+00
1.800000000000000044e+00
6.300000000000000044e-01
6.700000000000000400e-01
2.410000000000000142e+00
1.320000000000000062e+00
7.099999999999999645e-01
6.999999999999999556e-01
2.149999999999999911e+00
5.400000000000000355e-01
1.179999999999999938e+00
7.399999999999999911e-01
4.000000000000000222e-01
3.900000000000000133e-01
8.699999999999999956e-01
5.400000000000000355e-01
4.000000000000000222e-01
3.599999999999999867e-01
2.450000000000000178e+00
2.300000000000000100e-01
1.639999999999999902e+00
4.799999999999999822e-01
3.400000000000000244e-01
5.999999999999999778e-01
2.700000000000000178e-01
2.720000000000000195e+00
1.860000000000000098e+00
9.000000000000000222e-01
9.899999999999999911e-01
2.129999999999999893e+00
1.080000000000000071e+00
7.900000000000000355e-01
9.100000000000000311e-01
2.799999999999999822e+00
1.370000000000000107e+00
2.109999999999999876e+00
8.299999999999999600e-01
8.000000000000000444e-01
8.000000000000000444e-01
9.200000000000000400e-01
5.799999999999999600e-01
1.830000000000000071e+00
5.400000000000000355e-01
3.250000000000000000e+00
2.180000000000000160e+00
2.720000000000000195e+00
8.399999999999999689e-01
5.200000000000000178e-01
8.199999999999999512e-01
3.200000000000000067e-01
1.669999999999999929e+00
1.459999999999999964e+00
1.159999999999999920e+00
1.870000000000000107e+00
1.030000000000000027e+00
1.320000000000000062e+00
1.340000000000000080e+00
3.700000000000000178e+00
1.959999999999999964e+00
3.479999999999999982e+00
9.200000000000000400e-01
5.000000000000000000e-01
1.239999999999999991e+00
6.400000000000000133e-01
5.799999999999999600e-01
2.009999999999999787e+00
8.199999999999999512e-01
3.979999999999999982e+00
1.580000000000000071e+00
4.419999999999999929e+00
9.799999999999999822e-01
8.000000000000000444e-01
9.799999999999999822e-01
6.099999999999999867e-01
1.919999999999999929e+00
1.939999999999999947e+00
2.160000000000000142e+00
1.649999999999999911e+00
1.209999999999999964e+00
1.520000000000000018e+00
5.320000000000000284e+00
1.820000000000000062e+00
3.910000000000000142e+00
1.459999999999999964e+00
1.020000000000000018e+00
6.199999999999999956e-01
2.330000000000000071e+00
7.800000000000000266e-01
2.339999999999999858e+00
8.399999999999999689e-01
4.209999999999999964e+00
1.719999999999999973e+00
4.929999999999999716e+00
1.610000000000000098e+00
9.799999999999999822e-01
2.620000000000000107e+00
6.600000000000000311e-01
1.439999999999999947e+00
2.379999999999999893e+00
2.299999999999999822e+00
1.810000000000000053e+00
1.280000000000000027e+00
6.320000000000000284e+00
2.830000000000000071e+00
4.669999999999999929e+00
1.600000000000000089e+00
1.120000000000000107e+00
2.930000000000000160e+00
2.830000000000000071e+00
1.120000000000000107e+00
2.629999999999999893e+00
1.209999999999999964e+00
5.719999999999999751e+00
1.790000000000000036e+00
4.440000000000000391e+00
3.709999999999999964e+00
3.890000000000000124e+00
1.987000000000000099e+01
1.010000000000000009e+00
3.319999999999999840e+00
2.930000000000000160e+00
1.909999999999999920e+00
2.049999999999999822e+00
7.230000000000000426e+00
4.040000000000000036e+00
6.429999999999999716e+00
1.219999999999999973e+00
4.049999999999999822e+00
2.290000000000000036e+00
2.479999999999999982e+00
1.280000000000000027e+00
3.790000000000000036e+00
1.199999999999999956e+00
6.450000000000000178e+00
2.279999999999999805e+00
6.150000000000000355e+00
6.780000000000000249e+00
1.570000000000000062e+00
1.439999999999999947e+00
1.469999999999999973e+00
4.759999999999999787e+00
4.450000000000000178e+00
2.750000000000000000e+00
8.349999999999999645e+00
4.190000000000000391e+00
1.739999999999999991e+00
6.839999999999999858e+00
2.720000000000000195e+00
1.860000000000000098e+00
3.560000000000000053e+00
1.760000000000000009e+00
4.120000000000000107e+00
1.580000000000000071e+00
7.790000000000000036e+00
4.730000000000000426e+00
1.133999999999999986e+01
2.709999999999999964e+00
1.350000000000000089e+00
2.970000000000000195e+00
1.969999999999999973e+00
1.409999999999999920e+00
1.059999999999999964e+01
1.728999999999999915e+01
1.159999999999999920e+00
4.700000000000000178e+00
6.820000000000000284e+00
3.149999999999999911e+00
1.760000000000000009e+00
4.690000000000000391e+00
2.319999999999999840e+00
7.019999999999999574e+00
2.069999999999999840e+00
8.869999999999999218e+00
5.240000000000000213e+00
9.859999999999999432e+00
2.330000000000000071e+00
2.970000000000000195e+00
2.600000000000000089e+00
3.609999999999999876e+00
5.463400000000000318e+02
1.617000000000000171e+01
1.186999999999999922e+01
1.186999999999999922e+01
5.000000000000000000e+00
9.599999999999999645e-01
2.810000000000000053e+00
9.779999999999999361e+00
1.127699999999999960e+02
1.586999999999999922e+01
2.600000000000000089e+00
7.719999999999999751e+00
4.400000000000000355e+00
9.160000000000000142e+00
3.859999999999999876e+00
3.160000000000000142e+00
6.400000000000000355e+00
6.690000000000000391e+00
4.453299999999999841e+02
1.525000000000000000e+01
1.193999999999999950e+01
4.690000000000000391e+00
3.500000000000000000e+01
1.491000000000000014e+01
2.605999999999999872e+01
4.429999999999999716e+00
6.290000000000000036e+00
3.299999999999999822e+00
1.155000000000000071e+01
8.699999999999999956e-01
1.183000000000000007e+01
2.830000000000000071e+00
2.529999999999999805e+00
5.209999999999999964e+00
1.459999999999999964e+00
1.534999999999999964e+01
3.896000000000000085e+01
2.803000000000000114e+01
2.444000000000000128e+01
5.280000000000000249e+00
5.019999999999999574e+00
4.360000000000000320e+00
1.472000000000000064e+01
6.650000000000000355e+00
1.683999999999999986e+01
2.229999999999999982e+00
9.289999999999999147e+00
4.150000000000000355e+00
3.229999999999999982e+00
5.490000000000000213e+00
2.740000000000000213e+00
1.998999999999999844e+01
1.775000000000000000e+01
5.679999999999999716e+00
4.690000000000000391e+00
9.390000000000000568e+00
6.820000000000000284e+00
1.477999999999999936e+01
4.230000000000000426e+00
2.457999999999999829e+01
7.219999999999999751e+00
1.810999999999999943e+01
4.259999999999999787e+00
3.080000000000000071e+00
5.580000000000000071e+00
4.169999999999999929e+00
6.669999999999999929e+00
1.891000000000000014e+01
1.200999999999999979e+01
1.492999999999999972e+01
6.150000000000000355e+00
1.488000000000000078e+01
4.540000000000000036e+00
2.075000000000000000e+01
1.256000000000000050e+01
1.982999999999999829e+01
6.759999999999999787e+00
4.559999999999999609e+00
7.080000000000000071e+00
3.069999999999999840e+00
2.778000000000000114e+01
1.071000000000000085e+01
1.380000000000000071e+01
7.540000000000000036e+00
1.110999999999999943e+01
6.919999999999999929e+00
2.937000000000000099e+01
1.378999999999999915e+01
2.835000000000000142e+01
7.379999999999999893e+00
6.379999999999999893e+00
5.919999999999999929e+00
3.040000000000000036e+00
8.050000000000000711e+00
2.364000000000000057e+01
9.460000000000000853e+00
1.298000000000000043e+01
6.629999999999999893e+00
3.464000000000000057e+01
1.867999999999999972e+01
2.682000000000000028e+01
1.050000000000000000e+01
6.000000000000000000e+00
7.049999999999999822e+00
3.080000000000000071e+00
1.358999999999999986e+01
1.382000000000000028e+01
2.741000000000000014e+01
9.429999999999999716e+00
5.442000000000000171e+01
2.658999999999999986e+01
3.690999999999999659e+01
9.359999999999999432e+00
9.400000000000000355e+00
1.061999999999999922e+01
5.169999999999999929e+00
1.296000000000000085e+01
3.185999999999999943e+01
1.405000000000000071e+01
3.060000000000000142e+01
4.349999999999999645e+00
4.346999999999999886e+01
1.450000000000000000e+01
8.539999999999999147e+00
1.621999999999999886e+01
5.580000000000000071e+00
3.336999999999999744e+01
1.614999999999999858e+01
4.925000000000000000e+01
4.299999999999999822e+00
5.357999999999999829e+01
1.633999999999999986e+01
1.226999999999999957e+01
1.396000000000000085e+01
7.879999999999999893e+00
1.458999999999999986e+01
9.728000000000000114e+01
3.051999999999999957e+01
3.685000000000000142e+01
2.226000000000000156e+01
1.152999999999999936e+01
1.867000000000000171e+01
6.700000000000000178e+00
1.390900000000000034e+02
5.256000000000000227e+01
5.934000000000000341e+01
1.227999999999999936e+01
2.312999999999999901e+01
1.767999999999999972e+01
8.580000000000000071e+00
7.443000000000000682e+01
1.248900000000000006e+02
2.173999999999999844e+01
1.252999999999999936e+01
2.735999999999999943e+01
1.342999999999999972e+01
1.615699999999999932e+02
4.282000000000000028e+01
1.917999999999999972e+01
2.155999999999999872e+01
1.675000000000000000e+01
3.314999999999999858e+01
3.963000000000000256e+01
3.178999999999999915e+01
1.186999999999999922e+01
2.107400000000000091e+02
5.722999999999999687e+01
1.525000000000000000e+01
6.288000000000000256e+01
2.164999999999999858e+01
7.759999999999999787e+00
5.999999999999999778e-01
9.599999999999999645e-01
8.100000000000000533e-01
1.060000000000000053e+00
1.000000000000000000e+00
5.699999999999999512e-01
7.199999999999999734e-01
1.090000000000000080e+00
6.600000000000000311e-01
5.300000000000000266e-01
1.060000000000000053e+00
1.040000000000000036e+00
8.199999999999999512e-01
1.330000000000000071e+00
1.520000000000000018e+00
9.200000000000000400e-01
1.600000000000000089e+00
9.499999999999999556e-01
7.299999999999999822e-01
8.800000000000000044e-01
1.000000000000000000e+00
1.919999999999999929e+00
2.120000000000000107e+00
1.260000000000000009e+00
1.159999999999999920e+00
1.689999999999999947e+00
1.820000000000000062e+00
1.040000000000000036e+00
1.159999999999999920e+00
1.389999999999999902e+00
1.499999999999999944e-01
1.700000000000000122e-01
2.200000000000000011e-01
3.900000000000000133e-01
4.299999999999999933e-01
3.699999999999999956e-01
1.400000000000000133e-01
4.400000000000000022e-01
6.700000000000000400e-01
2.800000000000000266e-01
3.200000000000000067e-01
3.200000000000000067e-01
8.399999999999999689e-01
7.099999999999999645e-01
1.040000000000000036e+00
4.400000000000000022e-01
5.100000000000000089e-01
5.200000000000000178e-01
5.999999999999999778e-01
5.600000000000000533e-01
3.400000000000000244e-01
4.699999999999999734e-01
7.399999999999999911e-01
1.189999999999999947e+00
9.499999999999999556e-01
3.200000000000000067e-01
5.000000000000000000e-01
3.099999999999999978e-01
2.000000000000000111e-01
5.100000000000000089e-01
4.500000000000000111e-01
3.200000000000000067e-01
1.900000000000000022e-01
2.000000000000000111e-01
7.399999999999999911e-01
2.600000000000000089e-01
3.300000000000000155e-01
3.599999999999999867e-01
8.100000000000000533e-01
6.700000000000000400e-01
9.100000000000000311e-01
2.399999999999999911e-01
6.500000000000000222e-01
4.600000000000000200e-01
5.699999999999999512e-01
1.100000000000000006e-01
2.300000000000000100e-01
1.060000000000000053e+00
5.600000000000000533e-01
1.169999999999999929e+00
8.800000000000000044e-01
2.500000000000000000e-01
4.899999999999999911e-01
2.000000000000000111e-01
5.600000000000000533e-01
2.600000000000000089e-01
2.399999999999999911e-01
2.800000000000000266e-01
7.800000000000000266e-01
2.899999999999999800e-01
3.400000000000000244e-01
6.099999999999999867e-01
8.800000000000000044e-01
7.500000000000000000e-01
8.800000000000000044e-01
2.300000000000000100e-01
2.600000000000000089e-01
8.199999999999999512e-01
2.899999999999999800e-01
2.800000000000000266e-01
2.399999999999999911e-01
7.299999999999999822e-01
4.699999999999999734e-01
1.270000000000000018e+00
8.599999999999999867e-01
2.399999999999999911e-01
4.799999999999999822e-01
1.900000000000000022e-01
3.499999999999999778e-01
5.200000000000000178e-01
1.080000000000000071e+00
4.500000000000000111e-01
3.300000000000000155e-01
1.080000000000000071e+00
1.129999999999999893e+00
1.090000000000000080e+00
9.000000000000000222e-01
3.599999999999999867e-01
2.300000000000000100e-01
1.900000000000000022e-01
5.999999999999999778e-01
4.000000000000000222e-01
2.099999999999999922e-01
1.799999999999999933e-01
5.600000000000000533e-01
1.429999999999999938e+00
1.310000000000000053e+00
2.999999999999999889e-01
8.199999999999999512e-01
2.000000000000000111e-01
9.499999999999999556e-01
3.699999999999999956e-01
1.070000000000000062e+00
2.000000000000000000e+00
1.800000000000000044e+00
1.729999999999999982e+00
3.699999999999999956e-01
4.000000000000000222e-01
8.199999999999999512e-01
1.399999999999999911e+00
3.300000000000000155e-01
4.099999999999999756e-01
2.500000000000000000e-01
7.199999999999999734e-01
7.500000000000000000e-01
1.989999999999999991e+00
1.840000000000000080e+00
6.400000000000000133e-01
1.000000000000000000e+00
4.199999999999999845e-01
3.580000000000000071e+00
1.840000000000000080e+00
4.500000000000000111e-01
5.699999999999999512e-01
1.570000000000000062e+00
1.790000000000000036e+00
1.030000000000000027e+00
2.390000000000000124e+00
1.400000000000000133e-01
3.599999999999999867e-01
4.099999999999999756e-01
9.200000000000000400e-01
1.010000000000000009e+00
2.580000000000000071e+00
2.120000000000000107e+00
5.200000000000000178e-01
9.100000000000000311e-01
7.800000000000000266e-01
1.200999999999999979e+01
1.679999999999999938e+00
3.810000000000000053e+00
3.259999999999999787e+00
1.530000000000000027e+00
3.209999999999999964e+00
1.969999999999999973e+00
5.999999999999999778e-01
6.999999999999999556e-01
1.879999999999999893e+00
1.350000000000000089e+00
3.399999999999999911e+00
2.549999999999999822e+00
6.800000000000000488e-01
1.330000000000000071e+00
5.600000000000000533e-01
1.040000000000000036e+01
1.510000000000000009e+00
1.239999999999999991e+00
3.240000000000000213e+00
2.169999999999999929e+00
2.950000000000000178e+00
1.239999999999999991e+00
2.569999999999999840e+00
2.629999999999999893e+00
6.429999999999999716e+00
3.279999999999999805e+00
8.499999999999999778e-01
1.669999999999999929e+00
7.900000000000000355e-01
3.970000000000000195e+00
4.929999999999999716e+00
3.910000000000000142e+00
3.839999999999999858e+00
1.040000000000000036e+00
3.169999999999999929e+00
4.059999999999999609e+00
8.009999999999999787e+00
4.849999999999999645e+00
1.909999999999999920e+00
2.200000000000000178e+00
8.199999999999999512e-01
4.650000000000000355e+00
6.030000000000000249e+00
2.209999999999999964e+00
5.629999999999999893e+00
4.530000000000000249e+00
1.246000000000000085e+01
8.419999999999999929e+00
2.740000000000000213e+00
2.430000000000000160e+00
1.590000000000000080e+00
3.500000000000000000e+00
7.000000000000000000e+00
4.860000000000000320e+00
1.441000000000000014e+01
1.085999999999999943e+01
3.250000000000000000e+00
3.959999999999999964e+00
2.060000000000000053e+00
7.900000000000000355e+00
2.028999999999999915e+01
1.343999999999999950e+01
3.430000000000000160e+00
5.009999999999999787e+00
2.799999999999999822e+00
2.312000000000000099e+01
5.750000000000000000e+00
6.540000000000000036e+00
4.509999999999999787e+00
1.300000000000000000e+01
5.820000000000000284e+00
2.999999999999999889e-01
3.900000000000000133e-01
3.699999999999999956e-01
3.300000000000000155e-01
5.200000000000000178e-01
3.800000000000000044e-01
2.899999999999999800e-01
5.799999999999999600e-01
5.000000000000000000e-01
3.599999999999999867e-01
5.100000000000000089e-01
7.299999999999999822e-01
1.010000000000000009e+00
1.189999999999999947e+00
8.399999999999999689e-01
6.199999999999999956e-01
4.899999999999999911e-01
3.099999999999999978e-01
7.199999999999999734e-01
4.099999999999999756e-01
7.399999999999999911e-01
5.500000000000000444e-01
6.999999999999999556e-01
9.699999999999999734e-01
9.300000000000000488e-01
5.200000000000000178e-01
3.499999999999999778e-01
3.900000000000000133e-01
3.800000000000000044e-01
2.500000000000000000e-01
1.700000000000000122e-01
1.100000000000000006e-01
2.399999999999999911e-01
2.000000000000000111e-01
2.099999999999999922e-01
7.700000000000000178e-01
8.100000000000000533e-01
7.700000000000000178e-01
7.500000000000000000e-01
4.500000000000000111e-01
3.900000000000000133e-01
6.600000000000000311e-01
5.200000000000000178e-01
2.999999999999999889e-01
3.499999999999999778e-01
3.200000000000000067e-01
6.700000000000000400e-01
1.070000000000000062e+00
7.900000000000000355e-01
6.199999999999999956e-01
3.099999999999999978e-01
1.900000000000000022e-01
4.699999999999999734e-01
3.400000000000000244e-01
6.700000000000000400e-01
2.899999999999999800e-01
7.600000000000000089e-01
8.599999999999999867e-01
9.000000000000000222e-01
8.199999999999999512e-01
2.300000000000000100e-01
3.400000000000000244e-01
2.300000000000000100e-01
7.500000000000000000e-01
2.500000000000000000e-01
9.100000000000000311e-01
3.499999999999999778e-01
7.299999999999999822e-01
1.040000000000000036e+00
8.199999999999999512e-01
5.500000000000000444e-01
2.700000000000000178e-01
1.010000000000000009e+00
8.900000000000000133e-01
1.250000000000000000e+00
2.500000000000000000e-01
2.000000000000000111e-01
2.600000000000000089e-01
6.600000000000000311e-01
6.899999999999999467e-01
6.600000000000000311e-01
5.100000000000000089e-01
1.900000000000000022e-01
6.099999999999999867e-01
5.000000000000000000e-01
6.600000000000000311e-01
1.080000000000000071e+00
7.900000000000000355e-01
6.899999999999999467e-01
1.900000000000000022e-01
1.303999999999999915e+01
9.399999999999999467e-01
1.030000000000000027e+00
5.200000000000000178e-01
1.669999999999999929e+00
4.899999999999999911e-01
1.499999999999999944e-01
4.099999999999999756e-01
1.040000000000000036e+00
8.900000000000000133e-01
9.399999999999999467e-01
1.479999999999999982e+00
1.169999999999999929e+00
7.900000000000000355e-01
2.500000000000000000e-01
9.000000000000000222e-01
1.800000000000000044e+00
1.459999999999999964e+00
8.699999999999999956e-01
5.300000000000000266e-01
1.800000000000000044e+00
1.590000000000000080e+00
1.550000000000000044e+00
2.540000000000000036e+00
2.370000000000000107e+00
1.149999999999999911e+00
3.499999999999999778e-01
1.229999999999999982e+00
8.900000000000000133e-01
3.729999999999999982e+00
2.689999999999999947e+00
2.629999999999999893e+00
4.059999999999999609e+00
4.040000000000000036e+00
1.889999999999999902e+00
5.899999999999999689e-01
6.080000000000000071e+00
3.740000000000000213e+00
7.709999999999999964e+00
6.200000000000000178e+00
2.279999999999999805e+00
1.149999999999999911e+00
7.750000000000000000e+00
3.419999999999999929e+00
2.089999999999999858e+00
3.200000000000000067e-01
3.400000000000000244e-01
1.050000000000000044e+00
4.799999999999999822e-01
1.499999999999999944e-01
2.399999999999999911e-01
3.300000000000000155e-01
2.200000000000000011e-01
3.699999999999999956e-01
6.700000000000000400e-01
7.600000000000000089e-01
5.999999999999999778e-01
1.010000000000000009e+00
2.899999999999999800e-01
8.000000000000000444e-01
4.600000000000000200e-01
2.700000000000000178e-01
7.199999999999999734e-01
6.899999999999999467e-01
1.070000000000000062e+00
6.500000000000000222e-01
1.129999999999999893e+00
8.399999999999999689e-01
4.199999999999999845e-01
1.900000000000000022e-01
2.300000000000000100e-01
2.399999999999999911e-01
3.499999999999999778e-01
2.600000000000000089e-01
7.500000000000000000e-01
1.000000000000000000e+00
7.399999999999999911e-01
2.600000000000000089e-01
6.800000000000000488e-01
2.800000000000000266e-01
2.700000000000000178e-01
1.700000000000000122e-01
4.400000000000000022e-01
4.299999999999999933e-01
9.599999999999999645e-01
5.200000000000000178e-01
1.100000000000000089e+00
7.700000000000000178e-01
2.300000000000000100e-01
1.110000000000000098e+00
8.999999999999999667e-02
1.499999999999999944e-01
1.900000000000000022e-01
6.300000000000000044e-01
8.199999999999999512e-01
7.199999999999999734e-01
7.299999999999999822e-01
1.900000000000000022e-01
1.199999999999999956e-01
6.300000000000000044e-01
9.699999999999999734e-01
5.500000000000000444e-01
1.139999999999999902e+00
8.299999999999999600e-01
1.799999999999999933e-01
1.409999999999999920e+00
1.270000000000000018e+00
7.099999999999999645e-01
7.500000000000000000e-01
2.000000000000000111e-01
2.200000000000000011e-01
8.000000000000000444e-01
1.250000000000000000e+00
5.500000000000000444e-01
1.620000000000000107e+00
9.300000000000000488e-01
2.200000000000000011e-01
4.099999999999999756e-01
5.200000000000000178e-01
1.840000000000000080e+00
2.729999999999999982e+00
1.110000000000000098e+00
2.950000000000000178e+00
1.580000000000000071e+00
4.099999999999999756e-01
1.659999999999999920e+00
4.419999999999999929e+00
3.790000000000000036e+00
9.000000000000000222e-01
1.799999999999999933e-01
4.400000000000000022e-01
4.099999999999999756e-01
2.099999999999999922e-01
5.300000000000000266e-01
6.300000000000000044e-01
7.099999999999999645e-01
8.399999999999999689e-01
6.700000000000000400e-01
7.199999999999999734e-01
1.020000000000000018e+00
5.000000000000000000e-01
2.999999999999999889e-01
3.300000000000000155e-01
4.099999999999999756e-01
2.999999999999999889e-01
9.599999999999999645e-01
8.800000000000000044e-01
4.400000000000000022e-01
5.100000000000000089e-01
9.499999999999999556e-01
1.302999999999999936e+01
2.500000000000000000e-01
4.600000000000000200e-01
4.400000000000000022e-01
3.900000000000000133e-01
7.199999999999999734e-01
4.000000000000000222e-01
9.399999999999999467e-01
2.000000000000000111e-01
1.010000000000000009e+00
6.700000000000000400e-01
9.000000000000000222e-01
9.399999999999999467e-01
4.699999999999999734e-01
6.400000000000000133e-01
6.700000000000000400e-01
8.098999999999999488e+01
0.000000000000000000e+00
5.699999999999999512e-01
1.900000000000000022e-01
6.500000000000000222e-01
8.599999999999999867e-01
9.300000000000000488e-01
7.399999999999999911e-01
5.400000000000000355e-01
6.400000000000000133e-01
6.800000000000000488e-01
1.310000000000000053e+00
1.810000000000000053e+00
1.790000000000000036e+00
9.000000000000000222e-01
1.070000000000000062e+00
1.010000000000000009e+00
2.049999999999999822e+00
4.099999999999999756e-01
4.500000000000000111e-01
4.600000000000000200e-01
5.600000000000000533e-01
7.800000000000000266e-01
6.099999999999999867e-01
8.000000000000000444e-01
7.900000000000000355e-01
8.599999999999999867e-01
3.900000000000000133e-01
2.500000000000000000e-01
4.000000000000000222e-01
6.300000000000000044e-01
7.399999999999999911e-01
7.700000000000000178e-01
8.599999999999999867e-01
5.999999999999999778e-01
3.400000000000000244e-01
4.899999999999999911e-01
8.699999999999999956e-01
7.500000000000000000e-01
8.499999999999999778e-01
1.900000000000000022e-01
1.100000000000000089e+00
6.400000000000000133e-01
7.199999999999999734e-01
8.000000000000000444e-01
1.000000000000000000e+00
4.600000000000000200e-01
6.099999999999999867e-01
7.399999999999999911e-01
8.800000000000000044e-01
9.899999999999999911e-01
1.070000000000000062e+00
5.400000000000000355e-01
5.899999999999999689e-01
4.600000000000000200e-01
5.999999999999999778e-01
5.300000000000000266e-01
5.899999999999999689e-01
1.020000000000000018e+00
6.899999999999999467e-01
9.000000000000000222e-01
2.300000000000000100e-01
4.500000000000000111e-01
6.800000000000000488e-01
9.300000000000000488e-01
4.600000000000000200e-01
8.299999999999999600e-01
3.400000000000000244e-01
4.099999999999999756e-01
7.190000000000000391e+00
4.299999999999999933e-01
4.400000000000000022e-01
9.100000000000000311e-01
5.200000000000000178e-01
8.900000000000000133e-01
2.200000000000000011e-01
3.900000000000000133e-01
4.000000000000000222e-01
7.099999999999999645e-01
8.299999999999999600e-01
8.000000000000000444e-01
8.199999999999999512e-01
2.000000000000000111e-01
6.099999999999999867e-01
2.700000000000000178e-01
7.900000000000000355e-01
8.499999999999999778e-01
6.400000000000000133e-01
6.099999999999999867e-01
4.699999999999999734e-01
7.800000000000000266e-01
5.000000000000000000e-01
5.500000000000000444e-01
2.500000000000000000e-01
7.399999999999999911e-01
5.600000000000000533e-01
1.070000000000000062e+00
5.400000000000000355e-01
8.499999999999999778e-01
7.099999999999999645e-01
8.499999999999999778e-01
4.299999999999999933e-01
4.000000000000000222e-01
3.300000000000000155e-01
8.299999999999999600e-01
6.600000000000000311e-01
7.500000000000000000e-01
2.700000000000000178e-01
4.799999999999999822e-01
6.199999999999999956e-01
3.200000000000000067e-01
2.300000000000000100e-01
