2.993699999999999833e-02
4.947500000000000508e-02
3.455699999999999744e-02
5.310000000000000137e-02
6.267800000000001148e-02
5.809600000000000181e-02
4.895600000000000646e-02
6.987300000000000455e-02
7.116599999999999315e-02
5.509800000000000114e-02
8.653900000000000481e-02
6.408200000000000007e-02
7.516400000000000858e-02
6.696500000000001063e-02
6.524600000000001232e-02
6.894899999999999640e-02
6.232999999999999652e-02
6.607999999999999985e-02
8.120999999999999053e-02
7.826199999999999823e-02
6.739499999999999658e-02
1.003860000000000169e-01
8.436499999999999555e-02
9.813700000000000201e-02
9.729500000000000648e-02
1.176510000000000195e-01
7.662499999999999867e-02
6.948699999999999322e-02
9.888900000000000468e-02
7.352999999999999814e-02
5.755600000000000299e-02
8.715900000000000036e-02
6.486200000000000299e-02
1.718899999999999942e-02
1.704200000000000159e-02
1.720999999999999960e-02
1.736400000000000096e-02
1.894400000000000250e-02
1.919099999999999973e-02
1.903000000000000178e-02
1.868300000000000169e-02
1.876900000000000096e-02
1.821700000000000055e-02
1.917699999999999960e-02
1.954900000000000040e-02
2.011900000000000147e-02
1.925900000000000181e-02
1.902300000000000171e-02
1.979299999999999810e-02
1.984299999999999953e-02
2.012200000000000100e-02
2.068499999999999853e-02
2.007600000000000010e-02
2.000400000000000095e-02
2.506500000000000047e-02
2.622899999999999884e-02
2.190999999999999892e-02
1.922000000000000097e-02
1.937400000000000233e-02
2.012200000000000100e-02
1.993299999999999933e-02
2.434899999999999912e-02
1.963500000000000315e-02
1.591400000000000106e-02
1.580300000000000107e-02
1.593200000000000172e-02
1.625099999999999809e-02
1.656200000000000033e-02
1.615700000000000122e-02
1.598899999999999974e-02
1.605700000000000183e-02
1.630099999999999952e-02
1.638700000000000226e-02
1.661599999999999883e-02
1.638700000000000226e-02
1.696300000000000238e-02
1.688799999999999676e-02
1.699200000000000016e-02
1.697399999999999951e-02
1.662999999999999895e-02
1.686299999999999952e-02
1.685200000000000239e-02
1.735399999999999790e-02
1.641199999999999951e-02
1.663399999999999948e-02
1.648700000000000165e-02
1.669800000000000104e-02
1.650499999999999884e-02
1.688799999999999676e-02
1.713899999999999799e-02
1.585299999999999904e-02
1.551999999999999907e-02
1.546599999999999885e-02
1.549500000000000009e-02
1.557400000000000277e-02
1.549099999999999956e-02
1.551999999999999907e-02
1.562400000000000073e-02
1.558400000000000236e-02
1.576700000000000323e-02
1.581400000000000167e-02
1.600299999999999986e-02
1.613600000000000104e-02
1.587099999999999969e-02
1.596000000000000196e-02
1.580600000000000060e-02
1.603200000000000111e-02
1.566299999999999984e-02
1.568100000000000049e-02
1.573799999999999852e-02
1.566999999999999990e-02
1.573799999999999852e-02
1.582799999999999832e-02
1.610699999999999979e-02
1.549500000000000009e-02
1.523000000000000048e-02
1.528700000000000198e-02
1.538000000000000131e-02
1.541599999999999915e-02
1.535200000000000106e-02
1.538700000000000137e-02
1.541999999999999968e-02
1.559099999999999896e-02
1.556599999999999998e-02
1.551599999999999854e-02
1.565200000000000272e-02
1.560200000000000128e-02
1.597799999999999915e-02
1.539099999999999843e-02
1.543700000000000107e-02
1.536200000000000065e-02
1.547000000000000111e-02
1.547000000000000111e-02
1.555900000000000165e-02
1.547299999999999891e-02
1.539800000000000023e-02
1.531200000000000096e-02
1.527599999999999965e-02
1.539800000000000023e-02
1.540900000000000082e-02
1.558099999999999936e-02
1.530099999999999863e-02
1.529099999999999904e-02
1.550900000000000022e-02
1.537299999999999951e-02
1.568100000000000049e-02
1.529800000000000083e-02
1.547700000000000117e-02
1.548800000000000003e-02
1.539800000000000023e-02
1.539399999999999970e-02
1.537700000000000178e-02
1.543400000000000154e-02
1.545900000000000225e-02
1.538400000000000011e-02
1.545200000000000046e-02
1.548000000000000070e-02
1.528299999999999971e-02
1.542699999999999974e-02
1.522299999999999869e-02
1.547700000000000117e-02
1.526200000000000126e-02
1.534799999999999880e-02
1.535900000000000286e-02
1.551599999999999854e-02
1.554800000000000106e-02
1.552700000000000087e-02
1.547299999999999891e-02
1.547299999999999891e-02
1.526200000000000126e-02
1.530099999999999863e-02
1.525799999999999899e-02
1.547700000000000117e-02
1.529099999999999904e-02
1.529800000000000083e-02
1.531200000000000096e-02
1.538000000000000131e-02
1.538400000000000011e-02
1.549500000000000009e-02
1.557000000000000051e-02
1.519400000000000091e-02
1.530099999999999863e-02
1.517200000000000146e-02
1.527599999999999965e-02
1.531599999999999975e-02
1.541599999999999915e-02
1.527599999999999965e-02
1.534799999999999880e-02
1.543400000000000154e-02
1.523299999999999828e-02
1.522599999999999995e-02
1.534100000000000047e-02
1.532599999999999935e-02
1.538000000000000131e-02
1.547000000000000111e-02
1.530900000000000143e-02
1.530500000000000090e-02
1.537299999999999951e-02
-2.076700000000000074e-02
-1.871800000000000200e-02
-2.267999999999999877e-02
-2.797699999999999840e-02
-3.275199999999999639e-02
-2.732900000000000260e-02
-2.876199999999999590e-02
-2.829599999999999824e-02
-2.664499999999999855e-02
-2.691299999999999942e-02
-2.868599999999999969e-02
-5.094699999999999923e-02
-3.554600000000000121e-02
-3.307800000000000323e-02
-3.572499999999999981e-02
-2.952800000000000216e-02
-3.554600000000000121e-02
-3.708899999999999697e-02
-3.831099999999999783e-02
-2.813500000000000376e-02
-3.571400000000000269e-02
-3.755100000000000104e-02
-4.400600000000000345e-02
-4.394100000000000089e-02
-4.122300000000000270e-02
-3.905600000000000044e-02
-5.118000000000000327e-02
-5.984399999999999442e-02
-4.434600000000000347e-02
-3.819300000000000472e-02
-3.689199999999999424e-02
-2.786600000000000188e-02
-2.712099999999999927e-02
-1.560900000000000135e-02
-1.567699999999999996e-02
-1.594999999999999890e-02
-1.619699999999999959e-02
-1.648700000000000165e-02
-1.621799999999999978e-02
-1.596000000000000196e-02
-1.616099999999999828e-02
-1.647600000000000106e-02
-1.622500000000000331e-02
-1.667700000000000085e-02
-1.694200000000000220e-02
-1.673400000000000235e-02
-1.694200000000000220e-02
-1.649099999999999872e-02
-1.637200000000000114e-02
-1.625400000000000109e-02
-1.644800000000000081e-02
-1.653300000000000256e-02
-1.650099999999999831e-02
-1.655900000000000080e-02
-1.690200000000000036e-02
-1.722500000000000073e-02
-1.699900000000000369e-02
-1.677700000000000025e-02
-1.671599999999999822e-02
-1.739300000000000221e-02
-1.736400000000000096e-02
-1.683399999999999827e-02
-1.667700000000000085e-02
-1.634400000000000089e-02
-1.617900000000000241e-02
-1.575599999999999917e-02
-1.566299999999999984e-02
-1.574499999999999858e-02
-1.547000000000000111e-02
-1.555599999999999865e-02
-1.543700000000000107e-02
-1.535200000000000106e-02
-1.541200000000000035e-02
-1.551300000000000075e-02
-1.557700000000000057e-02
-1.548400000000000123e-02
-1.555900000000000165e-02
-1.569200000000000109e-02
-1.549799999999999962e-02
-1.540500000000000029e-02
-1.535200000000000106e-02
-1.533400000000000214e-02
-1.533699999999999994e-02
-1.556299999999999871e-02
-1.549500000000000009e-02
-1.544099999999999986e-02
-1.553799999999999973e-02
-1.553099999999999967e-02
-1.552700000000000087e-02
-1.538400000000000011e-02
-1.535500000000000059e-02
-1.539099999999999843e-02
-1.546299999999999931e-02
-1.547000000000000111e-02
-1.530099999999999863e-02
-1.551999999999999907e-02
-1.564899999999999972e-02
-1.554099999999999926e-02
-1.566000000000000031e-02
-1.550599999999999895e-02
-1.533400000000000214e-02
-1.556299999999999871e-02
-1.552700000000000087e-02
-1.543400000000000154e-02
-1.553799999999999973e-02
-1.547299999999999891e-02
-1.547000000000000111e-02
-1.551999999999999907e-02
-1.557000000000000051e-02
-1.534799999999999880e-02
-1.554499999999999979e-02
-1.550200000000000015e-02
-1.551300000000000075e-02
-1.537299999999999951e-02
-1.562400000000000073e-02
-1.553799999999999973e-02
-1.552700000000000087e-02
-1.559900000000000002e-02
-1.560200000000000128e-02
-1.556599999999999998e-02
-1.524000000000000007e-02
-1.553099999999999967e-02
-1.526200000000000126e-02
-1.530900000000000143e-02
-1.530900000000000143e-02
-1.549500000000000009e-02
-1.307300000000000129e-02
-1.086400000000000039e-02
-1.447799999999999955e-02
-1.514700000000000074e-02
-1.512900000000000182e-02
-1.496099999999999861e-02
-1.509400000000000151e-02
-1.522299999999999869e-02
-1.505800000000000020e-02
-1.505400000000000141e-02
-1.543400000000000154e-02
-1.534100000000000047e-02
-1.545900000000000225e-02
-1.534100000000000047e-02
-1.542300000000000094e-02
-1.529800000000000083e-02
-1.537700000000000178e-02
-1.518700000000000085e-02
-1.534799999999999880e-02
-1.522299999999999869e-02
-1.517599999999999852e-02
-1.529099999999999904e-02
-1.539800000000000023e-02
-1.540200000000000076e-02
-1.533699999999999994e-02
-1.514700000000000074e-02
-1.537700000000000178e-02
-1.526200000000000126e-02
-1.548000000000000070e-02
-8.732000000000001913e-03
-6.734000000000000402e-03
-7.037999999999999118e-03
-7.740000000000000352e-03
-9.913999999999999202e-03
-7.905000000000000568e-03
-1.020100000000000000e-02
-1.177700000000000101e-02
-1.227099999999999892e-02
-1.464900000000000056e-02
-1.505099999999999841e-02
-1.545200000000000046e-02
-1.532599999999999935e-02
-1.525500000000000120e-02
-1.540900000000000082e-02
-1.507200000000000206e-02
-1.519400000000000091e-02
-1.494000000000000015e-02
-1.521199999999999983e-02
-1.485700000000000215e-02
-1.516900000000000019e-02
-1.554499999999999979e-02
-1.487500000000000107e-02
-1.491100000000000064e-02
-1.516900000000000019e-02
-1.513700000000000115e-02
-1.502900000000000243e-02
-1.538000000000000131e-02
-6.257000000000000409e-03
-3.939999999999999926e-03
-3.964999999999999775e-03
-5.436999999999999993e-03
-5.862999999999999289e-03
-6.093000000000000325e-03
-6.490000000000000109e-03
-8.306000000000000882e-03
-9.211999999999999703e-03
-7.858000000000000401e-03
-1.107799999999999931e-02
-1.483200000000000143e-02
-1.499999999999999944e-02
-1.365000000000000067e-02
-1.452099999999999919e-02
-1.219199999999999971e-02
-1.240699999999999963e-02
-1.103499999999999967e-02
-9.972000000000001696e-03
-8.016000000000000555e-03
-9.652999999999998387e-03
-1.276200000000000077e-02
-1.463900000000000097e-02
-1.458100000000000021e-02
-1.489700000000000052e-02
-1.480000000000000066e-02
-1.497900000000000099e-02
-4.129999999999999991e-03
-2.435999999999999797e-03
-3.145000000000000226e-03
-3.671000000000000218e-03
-4.938999999999999814e-03
-4.283999999999999614e-03
-5.083000000000000712e-03
-6.888000000000000025e-03
-5.595000000000000147e-03
-5.844999999999999502e-03
-7.876000000000001056e-03
-1.089900000000000070e-02
-8.989999999999999727e-03
-1.046599999999999961e-02
-9.112000000000000308e-03
-8.045000000000000068e-03
-8.187999999999999098e-03
-7.252999999999999031e-03
-6.059999999999999415e-03
-5.440999999999999656e-03
-7.450000000000000025e-03
-8.047999999999999599e-03
-8.907999999999999252e-03
-1.081000000000000016e-02
-1.067400000000000120e-02
-1.085599999999999933e-02
-2.654000000000000109e-03
-2.095000000000000074e-03
-2.273999999999999980e-03
-3.305999999999999911e-03
-3.807000000000000054e-03
-3.677999999999999846e-03
-4.506000000000000456e-03
-4.251999999999999703e-03
-4.230000000000000253e-03
-4.542000000000000030e-03
-5.931000000000000508e-03
-7.131000000000000186e-03
-7.568000000000000074e-03
-7.178000000000000352e-03
-6.422000000000000625e-03
-5.690999999999999878e-03
-5.834999999999999909e-03
-4.825000000000000296e-03
-4.376999999999999814e-03
-4.498999999999999527e-03
-5.232999999999999804e-03
-5.326000000000000872e-03
-7.321000000000001118e-03
-7.142000000000000778e-03
-7.991000000000001574e-03
-2.356999999999999720e-03
-1.521999999999999915e-03
-2.177999999999999815e-03
-2.973000000000000382e-03
-3.166000000000000411e-03
-3.112999999999999882e-03
-2.676000000000000427e-03
-3.478000000000000189e-03
-3.446000000000000278e-03
-3.538999999999999611e-03
-4.129999999999999991e-03
-6.328999999999999557e-03
-5.466000000000000372e-03
-5.444000000000000054e-03
-4.753000000000000280e-03
-4.241000000000000845e-03
-4.057999999999999975e-03
-3.585000000000000079e-03
-3.721000000000000349e-03
-3.216000000000000109e-03
-4.488000000000000669e-03
-4.886000000000000586e-03
-5.837999999999999440e-03
-5.240000000000000734e-03
-1.811999999999999809e-03
-1.371999999999999956e-03
-1.665999999999999946e-03
-2.418000000000000010e-03
-2.654000000000000109e-03
-2.109999999999999896e-03
-2.342000000000000332e-03
-2.918999999999999720e-03
-2.768999999999999760e-03
-2.636000000000000322e-03
-3.789999999999999966e-03
-4.775000000000000598e-03
-4.291000000000000543e-03
-4.173000000000000494e-03
-3.638999999999999874e-03
-3.023000000000000079e-03
-3.316999999999999636e-03
-3.381000000000000325e-03
-2.973000000000000382e-03
-2.714999999999999965e-03
-4.191000000000000281e-03
-2.206000000000000062e-03
-3.177000000000000136e-03
-1.669000000000000128e-03
-1.041999999999999958e-03
-1.210999999999999837e-03
-1.791000000000000057e-03
-2.511000000000000211e-03
-1.837000000000000091e-03
-2.041999999999999978e-03
-2.381999999999999569e-03
-2.020000000000000094e-03
-2.435999999999999797e-03
-2.955000000000000161e-03
-3.865000000000000380e-03
-3.421000000000000429e-03
-3.331000000000000627e-03
-2.708000000000000337e-03
-2.506999999999999680e-03
-3.141000000000000129e-03
-3.170000000000000075e-03
-1.067000000000000023e-03
8.630000000000000518e-04
2.830000000000000484e-04
-3.001999999999999894e-03
-1.425999999999999967e-03
-1.289000000000000215e-03
-1.700999999999999821e-03
-1.540000000000000136e-03
-1.533000000000000074e-03
-1.740999999999999926e-03
-1.611999999999999935e-03
-1.865999999999999820e-03
-1.955999999999999839e-03
-2.026999999999999722e-03
-2.493000000000000424e-03
-3.208999999999999613e-03
-2.789999999999999945e-03
-2.703999999999999806e-03
-2.224000000000000282e-03
-2.342000000000000332e-03
-2.266999999999999918e-03
-7.269999999999999987e-04
-2.531999999999999963e-03
-3.746999999999999897e-03
-1.912999999999999987e-03
-1.321999999999999825e-03
-1.092000000000000089e-03
-1.429000000000000149e-03
-1.347000000000000107e-03
-1.279000000000000189e-03
-1.157000000000000042e-03
-1.263999999999999933e-03
-1.783999999999999996e-03
-1.608000000000000054e-03
-2.034000000000000218e-03
-2.314000000000000085e-03
-2.625000000000000163e-03
-2.044999999999999943e-03
-1.815999999999999906e-03
-2.008999999999999935e-03
-1.242999999999999964e-03
-1.686999999999999915e-03
-3.288000000000000124e-03
-1.879999999999999944e-03
-1.611999999999999935e-03
-1.418000000000000206e-03
-5.050000000000000235e-04
-6.229999999999999644e-04
-1.486000000000000125e-03
-1.511999999999999889e-03
-1.263999999999999933e-03
-1.257000000000000088e-03
-2.031000000000000253e-03
-1.511999999999999889e-03
-1.740999999999999926e-03
-1.331999999999999851e-03
-1.561999999999999804e-03
-1.569000000000000082e-03
-1.809000000000000278e-03
-1.550999999999999861e-03
-1.912999999999999987e-03
-1.569000000000000082e-03
-2.069999999999999792e-03
-1.446999999999999936e-03
-1.719999999999999795e-04
-9.529999999999999626e-04
-6.019999999999999961e-04
-8.240000000000000796e-04
-1.139000000000000038e-03
-9.709999999999999664e-04
-1.508000000000000009e-03
-7.450000000000000025e-04
-3.199999999999999855e-05
-5.839999999999999922e-04
-1.117999999999999853e-03
-1.915999999999999951e-03
-2.001999999999999873e-03
-1.529000000000000194e-03
-1.164000000000000104e-03
-1.340000000000000045e-03
-8.700000000000000051e-04
-3.730000000000000134e-04
-2.080000000000000143e-04
-6.770000000000000843e-04
-9.100000000000000016e-04
-1.354000000000000169e-03
-2.080000000000000143e-04
2.720000000000000521e-04
2.830000000000000484e-04
-1.067000000000000023e-03
-1.469000000000000037e-03
-9.629999999999999888e-04
-1.242999999999999964e-03
-1.605000000000000090e-03
-1.225000000000000177e-03
-1.421999999999999870e-03
-1.374999999999999920e-03
-1.225000000000000177e-03
-2.217000000000000220e-03
-5.800000000000000034e-04
-2.789999999999999512e-04
2.220000000000000022e-04
-2.900000000000000017e-04
-7.159999999999999481e-04
-1.526000000000000013e-03
-1.041999999999999958e-03
-6.590000000000000805e-04
-5.479999999999999845e-04
-8.420000000000000834e-04
-1.250000000000000026e-03
-1.611999999999999935e-03
-1.056999999999999997e-03
-1.242999999999999964e-03
-1.013999999999999927e-03
-1.023999999999999954e-03
5.870000000000000651e-04
-3.870000000000000284e-04
-1.385999999999999862e-03
-7.450000000000000025e-04
-7.309999999999999875e-04
-5.550000000000000462e-04
-6.480000000000000300e-04
-5.839999999999999922e-04
-5.909999999999999455e-04
-7.450000000000000025e-04
-7.809999999999999018e-04
-1.095999999999999969e-03
-1.300000000000000157e-03
-1.060000000000000178e-03
-7.520000000000000642e-04
-4.760000000000000234e-04
-4.150000000000000043e-04
-3.150000000000000131e-04
-5.340000000000000779e-04
-7.740000000000000569e-04
-6.550000000000000917e-04
-7.059999999999999219e-04
-6.840000000000000377e-04
-7.380000000000000492e-04
-7.490000000000000997e-04
-7.129999999999999836e-04
-9.350000000000000672e-04
-7.840000000000000831e-04
-9.309999999999999699e-04
-3.009999999999999980e-04
-2.970000000000000092e-04
-5.119999999999999768e-04
-6.300000000000000261e-04
-6.629999999999999609e-04
-4.510000000000000120e-04
-4.840000000000000010e-04
-6.979999999999999443e-04
-4.939999999999999730e-04
-6.700000000000000226e-04
-7.450000000000000025e-04
-9.740000000000001478e-04
-8.129999999999999206e-04
-4.939999999999999730e-04
-3.260000000000000094e-04
-4.299999999999999894e-04
-5.370000000000000424e-04
-4.550000000000000008e-04
-4.150000000000000043e-04
-5.160000000000000741e-04
-5.440000000000001041e-04
-3.800000000000000209e-04
-6.729999999999999871e-04
-7.630000000000000063e-04
-9.100000000000000016e-04
-3.400000000000000244e-04
-2.830000000000000484e-04
-3.400000000000000244e-04
-3.730000000000000134e-04
-2.580000000000000370e-04
-4.479999999999999391e-04
-3.800000000000000209e-04
-4.510000000000000120e-04
-3.649999999999999816e-04
-5.479999999999999845e-04
-6.089999999999999494e-04
-3.080000000000000055e-04
-2.289999999999999826e-04
-2.650000000000000445e-04
-4.579999999999999653e-04
-3.299999999999999982e-04
-3.220000000000000206e-04
-3.080000000000000055e-04
-4.730000000000000046e-04
-3.470000000000000319e-04
-4.840000000000000010e-04
-2.330000000000000257e-04
-1.930000000000000021e-04
-2.760000000000000409e-04
-4.730000000000000046e-04
-2.439999999999999949e-04
-2.830000000000000484e-04
-3.299999999999999982e-04
-4.079999999999999968e-04
-3.150000000000000131e-04
-2.180000000000000134e-04
-1.469999999999999953e-04
-3.040000000000000167e-04
-3.900000000000000471e-04
-1.789999999999999870e-04
-2.760000000000000409e-04
-2.970000000000000092e-04
-3.730000000000000134e-04
-9.300000000000001083e-05
-1.830000000000000029e-04
-2.180000000000000134e-04
-3.299999999999999982e-04
-1.930000000000000021e-04
-3.190000000000000019e-04
-2.610000000000000015e-04
-1.579999999999999916e-04
-1.069999999999999988e-04
-1.860000000000000217e-04
-3.690000000000000246e-04
-2.080000000000000143e-04
-2.110000000000000330e-04
-8.599999999999998976e-05
-9.300000000000001083e-05
-2.080000000000000143e-04
-2.610000000000000015e-04
-1.649999999999999991e-04
-1.430000000000000064e-04
-7.899999999999999579e-05
-1.789999999999999870e-04
-2.689999999999999791e-04
1.800000000000000384e-05
-9.699999999999998608e-05
-1.469999999999999953e-04
-8.999999999999999212e-05
-1.150000000000000035e-04
-4.120000000000000398e-04
-1.655099999999999974e-02
-1.695599999999999885e-02
-1.707099999999999937e-02
-1.723600000000000132e-02
-1.759700000000000153e-02
-1.713200000000000139e-02
-1.736799999999999802e-02
-1.739700000000000274e-02
-1.769800000000000192e-02
-1.743300000000000058e-02
-1.836400000000000185e-02
-1.822799999999999768e-02
-1.897300000000000028e-02
-1.842099999999999987e-02
-1.833500000000000060e-02
-1.809900000000000050e-02
-1.801299999999999776e-02
-1.805599999999999913e-02
-1.815200000000000147e-02
-1.836700000000000138e-02
-1.800600000000000117e-02
-1.925900000000000181e-02
-1.848199999999999843e-02
-1.853199999999999986e-02
-1.880099999999999827e-02
-1.933800000000000102e-02
-1.940200000000000258e-02
-1.786899999999999947e-02
-1.893300000000000191e-02
-1.743300000000000058e-02
-1.549500000000000009e-02
-1.561300000000000014e-02
-1.552700000000000087e-02
-1.547299999999999891e-02
-1.560600000000000008e-02
-1.558799999999999943e-02
-1.562700000000000200e-02
-1.566700000000000037e-02
-1.540200000000000076e-02
-1.572799999999999893e-02
-1.553099999999999967e-02
-1.543700000000000107e-02
-1.551300000000000075e-02
-1.546599999999999885e-02
-1.534400000000000173e-02
-1.539099999999999843e-02
-1.530500000000000090e-02
-1.540500000000000029e-02
-1.543400000000000154e-02
-1.548000000000000070e-02
-1.542999999999999927e-02
-1.544099999999999986e-02
-1.544099999999999986e-02
-1.540200000000000076e-02
-1.538400000000000011e-02
-1.533699999999999994e-02
-1.546299999999999931e-02
-1.517200000000000146e-02
-1.520499999999999977e-02
-1.494700000000000195e-02
-1.491499999999999944e-02
-1.483900000000000149e-02
-1.521499999999999936e-02
-1.499999999999999944e-02
-1.520099999999999923e-02
-1.508599999999999872e-02
-1.519400000000000091e-02
-1.500799999999999877e-02
-1.547299999999999891e-02
-1.539099999999999843e-02
-1.535900000000000286e-02
-1.540500000000000029e-02
-1.535500000000000059e-02
-1.534100000000000047e-02
-1.532300000000000155e-02
-1.523000000000000048e-02
-1.522299999999999869e-02
-1.529099999999999904e-02
-1.522299999999999869e-02
-1.528299999999999971e-02
-1.516499999999999966e-02
-1.530500000000000090e-02
-1.526200000000000126e-02
-1.524400000000000234e-02
-1.045500000000000075e-02
-1.028999999999999880e-02
-1.200299999999999978e-02
-1.278299999999999922e-02
-1.490000000000000005e-02
-1.433099999999999999e-02
-1.491100000000000064e-02
-1.470299999999999906e-02
-1.476400000000000108e-02
-1.497200000000000093e-02
-1.503299999999999949e-02
-1.531200000000000096e-02
-1.511200000000000043e-02
-1.529800000000000083e-02
-1.526599999999999832e-02
-1.543700000000000107e-02
-1.505400000000000141e-02
-1.497200000000000093e-02
-1.496099999999999861e-02
-1.451299999999999986e-02
-1.476799999999999988e-02
-1.490700000000000011e-02
-1.510400000000000111e-02
-1.476099999999999982e-02
-6.852000000000000451e-03
-6.718999999999999279e-03
-8.543000000000000246e-03
-8.231000000000000469e-03
-1.167699999999999988e-02
-8.937000000000000499e-03
-1.106099999999999965e-02
-1.035900000000000189e-02
-1.383999999999999987e-02
-1.075599999999999820e-02
-1.562000000000000020e-02
-1.547299999999999891e-02
-1.511499999999999996e-02
-1.471400000000000138e-02
-1.431299999999999933e-02
-1.308100000000000061e-02
-1.278299999999999922e-02
-1.219199999999999971e-02
-1.038400000000000087e-02
-1.190200000000000112e-02
-9.477000000000001048e-03
-1.501100000000000004e-02
-5.508999999999999141e-03
-5.956000000000000356e-03
-6.475999999999999986e-03
-5.394000000000000357e-03
-6.705000000000000022e-03
-6.236000000000001091e-03
-7.220999999999999988e-03
-6.934000000000000059e-03
-1.008600000000000121e-02
-7.830000000000000154e-03
-1.118900000000000103e-02
-1.082799999999999908e-02
-1.071000000000000077e-02
-8.961999999999999481e-03
-9.455999999999999128e-03
-9.169000000000000067e-03
-7.712000000000000972e-03
-7.106000000000000337e-03
-7.196000000000001007e-03
-8.212999999999999814e-03
-1.092000000000000089e-03
-3.969000000000000306e-03
-4.333999999999999311e-03
-4.205000000000000404e-03
-5.362000000000000446e-03
-4.370000000000000620e-03
-6.057000000000000751e-03
-4.982000000000000317e-03
-6.357999999999999936e-03
-4.834999999999999888e-03
-6.418999999999999359e-03
-6.532999999999999745e-03
-7.196000000000001007e-03
-6.736999999999999933e-03
-6.242999999999999418e-03
-6.514999999999999958e-03
-7.019999999999999331e-03
-5.400999999999999551e-03
-9.709999999999999664e-04
-2.808000000000000166e-03
-2.893999999999999871e-03
-2.592999999999999819e-03
-2.504000000000000149e-03
-2.762000000000000132e-03
-2.984000000000000107e-03
-3.029999999999999707e-03
-4.381000000000000345e-03
-3.367000000000000201e-03
-5.362000000000000446e-03
-5.484000000000000159e-03
-5.049999999999999802e-03
-4.852999999999999675e-03
-5.128999999999999879e-03
-5.405000000000000082e-03
-1.178000000000000011e-03
-2.134999999999999745e-03
-2.848000000000000271e-03
-2.141999999999999807e-03
-3.636000000000000343e-03
-2.636000000000000322e-03
-2.572000000000000067e-03
-2.191999999999999938e-03
-3.467000000000000030e-03
-2.762000000000000132e-03
-3.939999999999999926e-03
-3.911000000000000414e-03
-4.272999999999999889e-03
-3.266999999999999939e-03
-1.623000000000000310e-03
-1.554000000000000043e-03
-2.052000000000000005e-03
-2.080999999999999951e-03
-2.435999999999999797e-03
-2.001999999999999873e-03
-2.249000000000000131e-03
-2.152999999999999966e-03
-2.746999999999999876e-03
-2.217000000000000220e-03
-3.163000000000000447e-03
-3.123000000000000342e-03
-1.418000000000000206e-03
-1.385999999999999862e-03
-1.439999999999999874e-03
-1.257000000000000088e-03
-1.569000000000000082e-03
-1.486000000000000125e-03
-1.644000000000000062e-03
-1.504000000000000128e-03
-2.224000000000000282e-03
-1.823000000000000185e-03
-1.002999999999999985e-03
-9.350000000000000672e-04
-1.293000000000000095e-03
-1.121000000000000035e-03
-1.214000000000000018e-03
-1.175000000000000046e-03
-1.435999999999999993e-03
-1.232000000000000022e-03
-6.949999999999999798e-04
-8.059999999999999673e-04
-1.005999999999999950e-03
-8.850000000000000444e-04
-1.145999999999999883e-03
-9.959999999999999236e-04
-5.800000000000000034e-04
-6.340000000000000149e-04
-8.630000000000000518e-04
-6.949999999999999798e-04
-4.330000000000000081e-04
-5.370000000000000424e-04
-1.576700000000000323e-02
-1.583900000000000238e-02
-1.582799999999999832e-02
-1.575599999999999917e-02
-1.585299999999999904e-02
-1.591400000000000106e-02
-1.586399999999999963e-02
-1.604600000000000123e-02
-1.599300000000000027e-02
-1.607899999999999954e-02
-1.633599999999999983e-02
-1.636200000000000154e-02
-1.655500000000000027e-02
-1.625799999999999815e-02
-1.625799999999999815e-02
-1.607499999999999901e-02
-1.611399999999999985e-02
-1.614300000000000110e-02
-1.640099999999999891e-02
-1.617200000000000235e-02
-1.610699999999999979e-02
-1.631099999999999911e-02
-1.617200000000000235e-02
-1.638299999999999826e-02
-1.624300000000000049e-02
-1.635100000000000095e-02
-1.580300000000000107e-02
-1.507200000000000206e-02
-1.520800000000000103e-02
-1.496800000000000040e-02
-1.521900000000000162e-02
-1.526200000000000126e-02
-1.506500000000000027e-02
-1.520800000000000103e-02
-1.535900000000000286e-02
-1.534799999999999880e-02
-1.545900000000000225e-02
-1.549799999999999962e-02
-1.549099999999999956e-02
-1.551999999999999907e-02
-1.544799999999999993e-02
-1.549799999999999962e-02
-1.547299999999999891e-02
-1.533699999999999994e-02
-1.537700000000000178e-02
-1.526200000000000126e-02
-1.528000000000000018e-02
-1.520499999999999977e-02
-1.528700000000000198e-02
-1.537700000000000178e-02
-1.532999999999999988e-02
-1.487500000000000107e-02
-1.442000000000000053e-02
-1.445199999999999957e-02
-1.538400000000000011e-02
-1.553799999999999973e-02
-1.556299999999999871e-02
-1.531900000000000102e-02
-1.509400000000000151e-02
-1.510099999999999984e-02
-1.511499999999999996e-02
-1.526899999999999959e-02
-1.540200000000000076e-02
-1.524799999999999940e-02
-1.531599999999999975e-02
-1.525099999999999893e-02
-1.551300000000000075e-02
-1.543700000000000107e-02
-1.563099999999999906e-02
-1.467800000000000007e-02
-1.502200000000000063e-02
-1.498599999999999932e-02
-1.069499999999999965e-02
-1.321000000000000126e-02
-9.846000000000000585e-03
-1.081299999999999970e-02
-1.401500000000000141e-02
-1.318500000000000054e-02
-1.307000000000000002e-02
-1.466400000000000169e-02
-1.489700000000000052e-02
-1.483599999999999849e-02
-1.510799999999999990e-02
-1.504299999999999908e-02
-1.525099999999999893e-02
-1.536599999999999945e-02
-1.529800000000000083e-02
-1.654100000000000015e-02
-1.381900000000000142e-02
-1.429099999999999815e-02
-1.421999999999999870e-03
-7.628999999999999497e-03
-6.736999999999999933e-03
-6.067999999999999609e-03
-7.934000000000000080e-03
-8.091000000000000969e-03
-6.708999999999999686e-03
-8.779000000000000345e-03
-9.667000000000000245e-03
-8.198999999999999691e-03
-1.084599999999999800e-02
-1.155499999999999930e-02
-1.113600000000000007e-02
-1.150500000000000134e-02
-1.222799999999999929e-02
-4.936000000000000283e-03
-5.563000000000000236e-03
-4.297999999999999737e-03
-5.056999999999999863e-03
-6.113999999999999643e-03
-5.201000000000000761e-03
-4.806999999999999641e-03
-6.490000000000000109e-03
-6.977000000000000562e-03
-5.787999999999999742e-03
-7.055999999999999772e-03
-7.823000000000000093e-03
-3.746999999999999897e-03
-3.625000000000000184e-03
-2.861999999999999961e-03
-2.993999999999999700e-03
-3.756999999999999923e-03
-3.713999999999999854e-03
-3.323999999999999698e-03
-4.470000000000000015e-03
-4.978999999999999919e-03
-2.316999999999999615e-03
-2.611000000000000473e-03
-2.056000000000000102e-03
-2.152999999999999966e-03
-2.743999999999999911e-03
-2.762000000000000132e-03
-1.675999999999999972e-03
-1.855000000000000095e-03
-1.536999999999999955e-03
-1.530500000000000090e-02
-1.526899999999999959e-02
-1.536200000000000065e-02
-1.534400000000000173e-02
-1.547299999999999891e-02
-1.544099999999999986e-02
-1.551599999999999854e-02
-1.551599999999999854e-02
-1.563400000000000206e-02
-1.552300000000000034e-02
-1.569200000000000109e-02
-1.571000000000000174e-02
-1.565200000000000272e-02
-1.566299999999999984e-02
-1.556599999999999998e-02
-1.555599999999999865e-02
-1.546299999999999931e-02
-1.559900000000000002e-02
-1.548400000000000123e-02
-1.550599999999999895e-02
-1.547299999999999891e-02
-1.553400000000000093e-02
-1.545900000000000225e-02
-1.548000000000000070e-02
-1.501500000000000057e-02
-1.498599999999999932e-02
-1.544099999999999986e-02
-1.547000000000000111e-02
-1.549099999999999956e-02
-1.545900000000000225e-02
-1.528000000000000018e-02
-1.526200000000000126e-02
-1.540500000000000029e-02
-1.535900000000000286e-02
-1.543700000000000107e-02
-1.549799999999999962e-02
-1.543400000000000154e-02
-1.543700000000000107e-02
-1.551300000000000075e-02
-1.540200000000000076e-02
-1.544500000000000040e-02
-1.545499999999999999e-02
-1.517599999999999852e-02
-1.518000000000000078e-02
-9.997000000000000677e-03
-1.718899999999999942e-02
-1.532599999999999935e-02
-1.687000000000000305e-02
-1.488199999999999940e-02
-1.476400000000000108e-02
-1.495400000000000028e-02
-1.490700000000000011e-02
-1.526899999999999959e-02
-1.469600000000000073e-02
-1.525799999999999899e-02
-1.525500000000000120e-02
-1.544099999999999986e-02
-1.513299999999999888e-02
-1.602499999999999758e-02
-1.638299999999999826e-02
-3.406000000000000173e-03
-9.112000000000000308e-03
-8.922000000000001110e-03
-9.369999999999999857e-03
-1.310900000000000259e-02
-9.395000000000000573e-03
-1.252200000000000014e-02
-1.267599999999999803e-02
-1.475699999999999928e-02
-1.090700000000000003e-02
-1.391900000000000082e-02
-1.383599999999999934e-02
-8.500000000000000611e-03
-5.605000000000000607e-03
-5.218999999999999681e-03
-5.447999999999999718e-03
-7.636000000000000426e-03
-6.002999999999999656e-03
-7.768999999999999864e-03
-8.019999999999999352e-03
-5.251000000000000459e-03
-3.553000000000000169e-03
-3.273999999999999567e-03
-3.531999999999999983e-03
-1.505400000000000141e-02
-1.527300000000000012e-02
-1.525099999999999893e-02
-1.534100000000000047e-02
-1.533400000000000214e-02
-1.536900000000000245e-02
-1.540500000000000029e-02
-1.535900000000000286e-02
-1.540500000000000029e-02
-1.535900000000000286e-02
-1.543700000000000107e-02
-1.540900000000000082e-02
-1.547000000000000111e-02
-1.537700000000000178e-02
-1.533400000000000214e-02
-1.532599999999999935e-02
-1.523000000000000048e-02
-1.526200000000000126e-02
-1.520099999999999923e-02
-1.521199999999999983e-02
-1.517200000000000146e-02
-3.269999999999999903e-03
-1.631900000000000364e-02
-1.646500000000000047e-02
-1.548800000000000003e-02
-1.558799999999999943e-02
-1.557400000000000277e-02
-1.525799999999999899e-02
-1.521499999999999936e-02
-1.527300000000000012e-02
-1.515500000000000007e-02
-1.546599999999999885e-02
-1.542300000000000094e-02
-1.546599999999999885e-02
-1.622500000000000331e-02
-1.592100000000000112e-02
-1.593200000000000172e-02
-7.920000000000000607e-04
-1.490000000000000005e-02
-1.426999999999999970e-02
-1.518000000000000078e-02
-1.504299999999999908e-02
-1.483599999999999849e-02
-1.478200000000000000e-02
-1.497500000000000046e-02
-1.510099999999999984e-02
-1.504700000000000135e-02
-1.523700000000000054e-02
-9.734999999999998863e-03
-7.714999999999999636e-03
-7.092000000000001081e-03
-8.543000000000000246e-03
-9.556000000000001993e-03
-1.080599999999999963e-02
-5.708999999999999665e-03
-1.565599999999999978e-02
-1.550900000000000022e-02
-1.553400000000000093e-02
-1.549500000000000009e-02
-1.535900000000000286e-02
-1.539800000000000023e-02
-1.528299999999999971e-02
-1.530900000000000143e-02
-1.527300000000000012e-02
-1.538400000000000011e-02
-1.533699999999999994e-02
-1.531900000000000102e-02
-1.535900000000000286e-02
-1.532300000000000155e-02
-1.533400000000000214e-02
-1.522599999999999995e-02
-1.528700000000000198e-02
-1.533400000000000214e-02
-2.299500000000000155e-02
-1.514700000000000074e-02
-1.484599999999999809e-02
-1.490400000000000232e-02
-1.522599999999999995e-02
-1.492900000000000130e-02
-1.522299999999999869e-02
-1.507900000000000039e-02
-1.530500000000000090e-02
-1.514000000000000068e-02
-1.538700000000000137e-02
-1.532300000000000155e-02
-1.540500000000000029e-02
-1.298799999999999955e-02
-1.292300000000000046e-02
-1.223499999999999935e-02
-1.519000000000000038e-02
-1.491799999999999897e-02
-1.543700000000000107e-02
-1.562700000000000200e-02
-1.556299999999999871e-02
-1.564899999999999972e-02
-1.536599999999999945e-02
-1.522599999999999995e-02
-1.525799999999999899e-02
-1.529099999999999904e-02
-1.527300000000000012e-02
-1.549500000000000009e-02
-1.527300000000000012e-02
-1.544500000000000040e-02
-1.547000000000000111e-02
-1.568100000000000049e-02
-1.532300000000000155e-02
-3.396000000000000581e-03
-1.520800000000000103e-02
-1.521199999999999983e-02
-1.520800000000000103e-02
-1.529400000000000030e-02
-1.509000000000000098e-02
-1.531599999999999975e-02
-1.527300000000000012e-02
-1.418400000000000216e-02
-1.583500000000000185e-02
-1.576700000000000323e-02
-1.556299999999999871e-02
-1.547000000000000111e-02
-1.540200000000000076e-02
-1.542699999999999974e-02
-1.549799999999999962e-02
-1.542300000000000094e-02
-1.546599999999999885e-02
-1.543700000000000107e-02
-1.546599999999999885e-02
-1.582799999999999832e-02
-1.530099999999999863e-02
-1.525500000000000120e-02
-1.520099999999999923e-02
-1.510400000000000111e-02
-1.545900000000000225e-02
-1.542699999999999974e-02
-1.542699999999999974e-02
-1.550900000000000022e-02
-1.526599999999999832e-02
-1.543700000000000107e-02
-1.545900000000000225e-02
-1.547000000000000111e-02
-1.554499999999999979e-02
-1.529800000000000083e-02
-1.540200000000000076e-02
-1.543400000000000154e-02
-1.544099999999999986e-02
-1.553099999999999967e-02
-1.545200000000000046e-02
-1.536200000000000065e-02
-1.548800000000000003e-02
-1.550599999999999895e-02
