1.14293849468231e-03 1.59430027008057e-02 6.01913034915924e-01
1.24109613895416e-03 1.75594005584717e-02 1.86296451091766e+00
9.16777670383453e-04 1.36473083496094e-02 4.31978076696396e-01
8.15525829792023e-04 1.43757114410400e-02 8.16616714000702e-01
9.47625696659088e-04 1.61312427520752e-02 2.52564811706543e+00
7.58501350879669e-04 1.41792879104614e-02 4.93604451417923e-01
8.48912894725800e-04 1.51532192230225e-02 1.52464294433594e+00
7.65394270420074e-04 1.43675251007080e-02 8.32383155822754e-01
8.30347061157227e-04 1.39337587356567e-02 3.34106594324112e-01
7.95355379581451e-04 1.42856836318970e-02 3.29825431108475e-01
7.01991617679596e-04 1.30866851806641e-02 7.15503275394440e-01
7.91434943675995e-04 1.43143291473389e-02 6.11633777618408e-01
8.27131092548370e-04 1.50181779861450e-02 9.88230764865875e-01
8.15972506999969e-04 1.50590991973877e-02 1.86500203609467e+00
6.93527758121490e-04 1.27347612380981e-02 1.77984476089478e-01
7.78996884822845e-04 1.52145996093750e-02 8.16832900047302e-01
8.14144432544708e-04 1.57793169021606e-02 3.66125732660294e-01
6.83568120002747e-04 1.34058713912964e-02 2.61222749948502e-01
1.00344479084015e-03 1.85210552215576e-02 1.83256983757019e+00
1.07254147529602e-03 1.92003517150879e-02 1.08489871025085e+00
1.09321343898773e-03 1.80709190368652e-02 2.56699949502945e-01
1.23642408847809e-03 2.07062625885010e-02 2.77952075004578e-01
1.09839284420013e-03 1.64790744781494e-02 1.33016395568848e+00
1.34448742866516e-03 2.01742839813232e-02 1.78470984101295e-01
1.08809435367584e-03 1.47767400741577e-02 2.71358191967010e-01
9.21909749507904e-04 1.36473093032837e-02 4.99278575181961e-01
1.53954291343689e-03 2.07267208099365e-02 1.79939246177673e+00
2.45183825492859e-03 1.37659807205200e-02 8.34158658981323e-01
2.39857840538025e-03 1.46089630126953e-02 6.25931799411774e-01
2.11163520812988e-03 1.30457630157471e-02 1.31720781326294e+00
2.31055045127869e-03 1.37250585556030e-02 6.58420681953430e-01
2.06174731254578e-03 1.29066295623779e-02 6.87105596065521e-01
2.03647160530090e-03 1.34017801284790e-02 4.50100809335709e-01
2.11311125755310e-03 1.33035688400269e-02 2.38292425870895e-01
2.15945792198181e-03 1.33731355667114e-02 8.62565994262695e-01
2.00397133827209e-03 1.29843807220459e-02 1.28704476356506e+00
2.16639113426209e-03 1.43675251007080e-02 1.16950154304504e+00
2.18880295753479e-03 1.39051141738892e-02 1.59632778167725e+00
1.93343889713287e-03 1.27347593307495e-02 1.01081752777100e+00
1.83077895641327e-03 1.27224836349487e-02 8.78948569297791e-01
1.81236207485199e-03 1.25751657485962e-02 8.13887536525726e-01
1.98242652416229e-03 1.30703172683716e-02 4.83149856328964e-01
2.29352140426636e-03 1.51327581405640e-02 1.73112237453461e+00
2.21617770195007e-03 1.48872289657593e-02 4.52301919460297e-01
1.90087115764618e-03 1.26611013412476e-02 8.49866867065430e-01
2.13806867599487e-03 1.35777425765991e-02 7.70733058452606e-01
2.22697019577026e-03 1.34631624221802e-02 1.54939204454422e-01
2.49191498756409e-03 1.46867141723633e-02 3.41186285018921e-01
2.54990744590759e-03 1.44370937347412e-02 3.46685230731964e-01
2.41601324081421e-03 1.35245447158813e-02 1.84622943401337e-01
2.58503508567810e-03 1.47358198165894e-02 6.22413694858551e-01
4.82345533370972e-03 1.47317266464233e-02 9.79278147220612e-01
4.54462289810181e-03 1.45721349716187e-02 3.79175782203674e-01
4.52194738388061e-03 1.44289093017578e-02 7.14480400085449e-01
4.31957292556763e-03 1.40606155395508e-02 1.18190443515778e+00
4.35247278213501e-03 1.38150863647461e-02 6.68426215648651e-01
4.42596340179443e-03 1.42488546371460e-02 1.30047106742859e+00
4.52982854843140e-03 1.47194519042969e-02 7.65028655529022e-01
4.43950510025024e-03 1.50018091201782e-02 1.42782461643219e+00
4.03183698654175e-03 1.38150863647461e-02 1.48530030250549e+00
4.16686868667603e-03 1.42488546371460e-02 5.17209947109222e-01
4.19443988800049e-03 1.40237865447998e-02 8.76254022121429e-01
4.26280546188355e-03 1.42202091217041e-02 1.12468981742859e+00
4.24444293975830e-03 1.45107517242432e-02 8.12967777252197e-01
4.18878602981567e-03 1.42693147659302e-02 7.75605022907257e-01
4.26103115081787e-03 1.41588268280029e-02 5.09035550057888e-02
4.51703882217407e-03 1.49813489913940e-02 3.80505681037903e-01
4.53901624679565e-03 1.48422155380249e-02 3.82459074258804e-01
4.32354021072388e-03 1.42447614669800e-02 2.40799918770790e-01
4.33407592773438e-03 1.40074167251587e-02 5.02896189689636e-01
4.28816223144531e-03 1.37618885040283e-02 5.80555737018585e-01
4.79852390289307e-03 1.50099925994873e-02 0.00000000000000e+00
7.62209081649780e-03 1.47767410278320e-02 9.51431453227997e-01
7.74045944213867e-03 1.48749532699585e-02 6.93520486354828e-01
7.84054660797119e-03 1.49076910018921e-02 4.34299230575562e-01
8.03418731689453e-03 1.50509157180786e-02 5.36067247390747e-01
7.90873622894287e-03 1.50795602798462e-02 1.39067554473877e+00
7.48724842071533e-03 1.47726497650146e-02 1.31115829944611e+00
7.24389648437500e-03 1.46171474456787e-02 1.35681581497192e+00
7.35832357406616e-03 1.48585824966431e-02 2.62671291828156e-01
7.37158870697022e-03 1.46498851776123e-02 6.29287123680115e-01
7.50085830688477e-03 1.51245727539063e-02 3.59177589416504e-01
7.40693235397339e-03 1.49363346099854e-02 9.68555152416229e-01
7.39802217483521e-03 1.46662530899048e-02 8.28319370746613e-01
7.47790479660034e-03 1.47972011566162e-02 7.62556612491608e-01
7.27523136138916e-03 1.45598573684692e-02 4.85520213842392e-01
7.41083240509033e-03 1.50345449447632e-02 1.15978610515594e+00
7.59748601913452e-03 1.50099935531616e-02 6.08409225940704e-01
7.48501491546631e-03 1.48504009246826e-02 7.02161073684692e-01
7.22166061401367e-03 1.47972011566162e-02 5.03262937068939e-01
1.24720745086670e-02 1.53373651504517e-02 4.95134472846985e-01
1.24033689498901e-02 1.54355773925781e-02 1.42119550704956e+00
1.19999866485596e-02 1.50263614654541e-02 4.07108545303345e-01
1.20204706192017e-02 1.49649801254272e-02 7.15173184871674e-01
1.21847515106201e-02 1.49322423934937e-02 9.77597177028656e-01
1.18994064331055e-02 1.50754671096802e-02 9.09195244312286e-01
1.16142835617065e-02 1.51900482177734e-02 7.16674685478210e-01
1.15596017837524e-02 1.53455486297607e-02 1.40349626541138e+00
1.14630289077759e-02 1.51532192230225e-02 1.40531539916992e+00
1.16810665130615e-02 1.52146005630493e-02 1.17893576622009e+00
1.19075651168823e-02 1.51450347900391e-02 1.08210575580597e+00
1.17396144866943e-02 1.51982326507568e-02 1.35988593101501e-01
1.12314586639404e-02 1.49854383468628e-02 2.10229516029358e-01
1.09220285415649e-02 1.48708600997925e-02 9.14310961961746e-02
1.12763433456421e-02 1.52268772125244e-02 3.68760317564011e-01
1.72176513671875e-02 1.50713758468628e-02 3.84448230266571e-01
1.77580757141113e-02 1.52064161300659e-02 1.86957672238350e-01
1.78857460021973e-02 1.51286649703979e-02 8.93831849098206e-01
1.81683368682861e-02 1.53005361557007e-02 5.21014511585236e-01
1.75191841125488e-02 1.51941394805908e-02 7.90708363056183e-01
1.71921100616455e-02 1.53209972381592e-02 1.47453975677490e+00
1.70409107208252e-02 1.53864727020264e-02 1.18818736076355e+00
1.69887409210205e-02 1.54028396606445e-02 1.15664124488831e+00
1.71720008850098e-02 1.55051422119141e-02 1.02247631549835e+00
1.68819236755371e-02 1.53128118515015e-02 4.76188808679581e-01
1.65627288818359e-02 1.53578262329102e-02 4.58314418792725e-01
1.59778137207031e-02 1.53905630111694e-02 1.84030818939209e+00
2.47446441650391e-02 1.54437608718872e-02 7.18629658222198e-01
2.52074146270752e-02 1.55133275985718e-02 6.77302539348602e-01
2.52794361114502e-02 1.54028396606445e-02 4.68993604183197e-01
2.50001316070557e-02 1.55010509490967e-02 1.53915679454803e+00
2.43700695037842e-02 1.55092344284058e-02 9.74663197994232e-01
2.38201408386230e-02 1.55215120315552e-02 1.22500872612000e+00
2.36591968536377e-02 1.53946552276611e-02 1.20592486858368e+00
2.31495113372803e-02 1.54560375213623e-02 4.64697152376175e-01
2.23819637298584e-02 1.54273920059204e-02 5.60595452785492e-01
4.69695129394531e-01 2.15995773315430e-01 5.93561641871929e-02
3.35093154907227e-02 1.54805898666382e-02 1.42710626125336e+00
3.24788208007813e-02 1.54805898666382e-02 1.24627435207367e+00
3.22226715087891e-02 1.54560375213623e-02 1.02809560298920e+00
3.21212234497070e-02 1.56197233200073e-02 1.24760544300079e+00
3.08959445953369e-02 1.55501556396484e-02 9.25459682941437e-01
4.27788963317871e-02 1.55869855880737e-02 1.00619173049927e+00
4.19235916137695e-02 1.58161468505859e-02 1.17335855960846e+00
4.02410545349121e-02 1.54192075729370e-02 9.82959926128387e-01
5.01581970214844e-01 -2.37611303710938e+00 1.45767211914062e-01
5.01581970214844e-01 -5.39902893066406e-01 1.32253080606461e-01
5.01581970214844e-01 -2.10755737304687e-01 1.08701758086681e-01
5.01581970214844e-01 -8.77439498901367e-02 1.04670919477940e-01
5.01581970214844e-01 -4.89602012634277e-02 1.62454083561897e-01
5.01581970214844e-01 -2.60674419403076e-02 5.87210133671761e-02
5.01581970214844e-01 -1.48474950790405e-02 4.75245743989944e-01
5.01581970214844e-01 -8.40874004364014e-03 5.87229907512665e-01
5.01581970214844e-01 -5.80312967300415e-03 5.27545213699341e-01
5.01581970214844e-01 -4.14296293258667e-03 6.44096136093140e-01
5.27960571289062e-01 -2.64155834960938e+00 0.00000000000000e+00
5.27960571289062e-01 -6.27896484375000e-01 2.90314331650734e-02
5.27960571289062e-01 -2.09523559570313e-01 5.32769411802292e-02
5.27960571289062e-01 -1.03225761413574e-01 3.12171634286642e-02
5.27960571289062e-01 -5.01308898925781e-02 3.21400202810764e-02
5.27960571289062e-01 -2.67063293457031e-02 7.98098221421242e-02
5.27960571289062e-01 -1.43398876190186e-02 1.94610550999641e-01
5.27960571289062e-01 -9.41991901397705e-03 3.65347236394882e-01
5.27960571289062e-01 -6.62571668624878e-03 2.70173192024231e-01
5.27960571289062e-01 -4.34765481948853e-03 1.07347929477692e+00
4.90212890625000e-01 -2.69332812500000e+00 1.52901366353035e-01
4.90212890625000e-01 -5.42458312988281e-01 1.32376119494438e-01
4.90212890625000e-01 -2.15520828247070e-01 1.14480100572109e-01
4.90212890625000e-01 -9.19532318115234e-02 1.12716734409332e-01
4.90212890625000e-01 -4.47440834045410e-02 6.68696686625481e-02
4.90212890625000e-01 -2.23938388824463e-02 2.08597242832184e-01
4.90212890625000e-01 -1.39878377914429e-02 1.87163978815079e-01
4.90212890625000e-01 -9.37898063659668e-03 4.30409759283066e-01
4.90212890625000e-01 -6.06914091110229e-03 5.45117080211639e-01
4.90212890625000e-01 -4.02014780044556e-03 1.29870605468750e+00
4.47440399169922e-01 -2.45801342773438e+00 9.40654128789902e-02
4.47440399169922e-01 -5.92698242187500e-01 7.37227573990822e-02
4.47440399169922e-01 -2.02371856689453e-01 9.34944301843643e-02
4.47440399169922e-01 -8.59300308227539e-02 7.78477266430855e-02
4.47440399169922e-01 -3.92058181762695e-02 6.03247210383415e-02
4.47440399169922e-01 -2.28484325408936e-02 1.26775413751602e-01
4.47440399169922e-01 -1.46141595840454e-02 2.38214433193207e-01
4.47440399169922e-01 -9.00234699249268e-03 3.11545461416245e-01
4.47440399169922e-01 -5.90544128417969e-03 1.63142001628876e+00
4.47440399169922e-01 -3.84411287307739e-03 3.84901118278503e+00
4.04113220214844e-01 -2.93681884765625e+00 1.95656314492226e-01
4.04113220214844e-01 -6.01310424804688e-01 1.70512512326241e-01
4.04113220214844e-01 -1.99322052001953e-01 1.54557496309280e-01
4.04113220214844e-01 -7.84245529174805e-02 1.57253772020340e-01
4.04113220214844e-01 -4.14407730102539e-02 1.33088409900665e-01
4.04113220214844e-01 -2.46913738250732e-02 6.11721165478230e-02
4.04113220214844e-01 -1.45281934738159e-02 1.43932998180389e-01
4.04113220214844e-01 -9.12106895446777e-03 4.95640307664871e-01
4.04113220214844e-01 -5.77448225021362e-03 1.41942679882050e+00
4.04113220214844e-01 -3.84001898765564e-03 4.35159742832184e-01
3.70499725341797e-01 -2.60556396484375e+00 8.33177343010902e-02
3.70499725341797e-01 -5.16330932617188e-01 8.58233422040939e-02
3.70499725341797e-01 -1.58204971313477e-01 7.00250491499901e-02
3.70499725341797e-01 -7.21352005004883e-02 8.29410851001740e-02
3.70499725341797e-01 -3.92017288208008e-02 1.89132854342461e-01
3.70499725341797e-01 -2.15542736053467e-02 2.47439816594124e-01
3.70499725341797e-01 -1.29153146743774e-02 2.80281782150269e-01
3.70499725341797e-01 -7.81104040145874e-03 6.83759152889252e-01
3.70499725341797e-01 -5.08285379409790e-03 3.64673823118210e-01
3.70499725341797e-01 -3.36103987693787e-03 2.76450037956238e+00
3.81804534912109e-01 -2.55845507812500e+00 1.12885721027851e-01
3.81804534912109e-01 -4.70886505126953e-01 1.00937277078629e-01
3.81804534912109e-01 -1.70043945312500e-01 7.75237902998924e-02
3.81804534912109e-01 -8.08772430419922e-02 9.11160409450531e-02
3.81804534912109e-01 -4.08267784118652e-02 9.88636538386345e-02
3.81804534912109e-01 -2.30777759552002e-02 1.65539413690567e-01
3.81804534912109e-01 -1.33615179061890e-02 3.72534751892090e-01
3.81804534912109e-01 -8.32686424255371e-03 2.99911677837372e-01
3.81804534912109e-01 -5.41025161743164e-03 6.37056171894073e-01
3.81804534912109e-01 -3.83592486381531e-03 2.39476823806763e+00
3.58108245849609e-01 -2.15517797851563e+00 2.77282625436783e-01
3.58108245849609e-01 -4.46524139404297e-01 2.30011194944382e-01
3.58108245849609e-01 -1.63764205932617e-01 2.03291580080986e-01
3.58108245849609e-01 -7.19591217041016e-02 1.84760630130768e-01
3.58108245849609e-01 -3.72082824707031e-02 2.19795510172844e-01
3.58108245849609e-01 -2.01782054901123e-02 7.65943676233292e-02
3.58108245849609e-01 -1.19737854003906e-02 1.88160046935081e-01
3.58108245849609e-01 -7.34434366226196e-03 3.54872345924377e-01
3.58108245849609e-01 -5.25883007049561e-03 1.66859102249146e+00
3.58108245849609e-01 -3.44701051712036e-03 2.92972517013550e+00
3.35539855957031e-01 -2.34932592773437e+00 1.87127307057381e-01
3.35539855957031e-01 -4.59039093017578e-01 1.40517473220825e-01
3.35539855957031e-01 -1.54930023193359e-01 1.26789286732674e-01
3.35539855957031e-01 -6.93262786865234e-02 1.56316682696342e-01
3.35539855957031e-01 -3.40809860229492e-02 1.56121924519539e-01
3.35539855957031e-01 -1.88062343597412e-02 5.44493049383163e-02
3.35539855957031e-01 -1.09872274398804e-02 2.23480686545372e-01
3.35539855957031e-01 -7.39346933364868e-03 1.94330602884293e-01
3.35539855957031e-01 -4.88232278823853e-03 2.11625599861145e+00
3.35539855957031e-01 -3.02943921089172e-03 5.52735900878906e+00
3.35242340087891e-01 -2.10861352539062e+00 1.42298907041550e-01
3.35242340087891e-01 -4.18197662353516e-01 1.07195846736431e-01
3.35242340087891e-01 -1.48994171142578e-01 1.34556680917740e-01
3.35242340087891e-01 -6.37084388732910e-02 1.24390609562397e-01
3.35242340087891e-01 -3.18746852874756e-02 6.41937851905823e-02
3.35242340087891e-01 -1.73318805694580e-02 7.22950994968414e-02
3.35242340087891e-01 -1.11141290664673e-02 2.36933469772339e-01
3.35242340087891e-01 -7.04958677291870e-03 5.13097941875458e-02
3.35242340087891e-01 -4.27663660049438e-03 1.41748392581940e+00
3.35242340087891e-01 -2.80837202072144e-03 3.79612994194031e+00
3.61318359375000e-01 -2.28821362304688e+00 1.95053383708000e-01
3.61318359375000e-01 -4.95777099609375e-01 1.68797045946121e-01
3.61318359375000e-01 -1.66683029174805e-01 1.58766880631447e-01
3.61318359375000e-01 -7.21065292358399e-02 1.55948832631111e-01
3.61318359375000e-01 -3.56405410766602e-02 1.77726730704308e-01
3.61318359375000e-01 -2.12471141815186e-02 5.18967509269714e-02
3.61318359375000e-01 -1.29849071502686e-02 3.00231501460075e-02
3.61318359375000e-01 -7.47943973541260e-03 3.57334524393082e-01
3.61318359375000e-01 -4.74317836761475e-03 1.17930865287781e+00
3.61318359375000e-01 -3.35694646835327e-03 4.23721462488174e-01
3.61898101806641e-01 -2.60996704101563e+00 2.92937010526657e-01
3.61898101806641e-01 -5.26163513183594e-01 2.51321464776993e-01
3.61898101806641e-01 -1.75431259155273e-01 2.30796396732330e-01
3.61898101806641e-01 -7.48007965087891e-02 2.41711616516113e-01
3.61898101806641e-01 -4.04829368591309e-02 1.96727931499481e-01
3.61898101806641e-01 -2.29917716979980e-02 2.14822083711624e-01
3.61898101806641e-01 -1.26246690750122e-02 1.85576349496841e-01
3.61898101806641e-01 -7.67594385147095e-03 4.84599471092224e-01
3.61898101806641e-01 -5.25883054733276e-03 6.45706117153168e-01
3.61898101806641e-01 -3.65579628944397e-03 1.99125003814697e+00
3.44346740722656e-01 -2.37024487304688e+00 4.91465888917446e-02
3.44346740722656e-01 -4.71525360107422e-01 7.97344520688057e-02
3.44346740722656e-01 -1.60116729736328e-01 8.30174386501312e-02
3.44346740722656e-01 -7.50710449218750e-02 1.28296047449112e-01
3.44346740722656e-01 -3.91771659851074e-02 1.16920270025730e-01
3.44346740722656e-01 -1.99120025634766e-02 2.14374482631683e-01
3.44346740722656e-01 -1.13720273971558e-02 2.19164073467255e-01
3.44346740722656e-01 -7.43440723419189e-03 3.29609215259552e-01
3.44346740722656e-01 -5.08694601058960e-03 1.77594482898712e+00
3.44346740722656e-01 -3.26688170433044e-03 4.11675548553467e+00
3.68267303466797e-01 -2.27452563476563e+00 4.47216033935547e-02
3.68267303466797e-01 -4.64166290283203e-01 2.73933168500662e-02
3.68267303466797e-01 -1.74133544921875e-01 4.47148121893406e-02
3.68267303466797e-01 -8.05373916625977e-02 3.94694134593010e-02
3.68267303466797e-01 -3.74743461608887e-02 0.00000000000000e+00
3.68267303466797e-01 -1.97973308563232e-02 1.44731566309929e-01
3.68267303466797e-01 -1.22685260772705e-02 1.44840776920319e-01
3.68267303466797e-01 -8.07304573059082e-03 6.87302827835083e-01
3.68267303466797e-01 -5.05829906463623e-03 1.94091534614563e+00
3.68267303466797e-01 -3.30372619628906e-03 2.05630660057068e+00
3.74843566894531e-01 -2.41513598632813e+00 3.03136724978685e-02
3.74843566894531e-01 -5.23616271972656e-01 2.47167851775885e-02
3.74843566894531e-01 -1.93603164672852e-01 4.72691319882870e-02
3.74843566894531e-01 -7.76383819580078e-02 5.10404221713543e-02
3.74843566894531e-01 -3.64141769409180e-02 7.02448710799217e-02
3.74843566894531e-01 -2.07269935607910e-02 8.72637405991554e-02
3.74843566894531e-01 -1.29316883087158e-02 2.99981057643890e-01
3.74843566894531e-01 -7.73325777053833e-03 8.72389137744904e-01
3.74843566894531e-01 -4.99281930923462e-03 1.20319676399231e+00
3.74843566894531e-01 -3.20956802368164e-03 1.58737635612488e+00
3.41533416748047e-01 -2.36588671875000e+00 2.29055792093277e-01
3.41533416748047e-01 -5.52794555664063e-01 2.04606026411057e-01
3.41533416748047e-01 -1.76925445556641e-01 1.94315478205681e-01
3.41533416748047e-01 -6.95432891845703e-02 1.96558684110641e-01
3.41533416748047e-01 -3.53540077209473e-02 7.22137987613678e-02
3.41533416748047e-01 -2.05058422088623e-02 3.59410420060158e-02
3.41533416748047e-01 -1.16503915786743e-02 6.29427015781403e-01
3.41533416748047e-01 -7.14374542236328e-03 3.66570889949799e-01
3.41533416748047e-01 -4.53446245193481e-03 9.14926946163177e-01
3.41533416748047e-01 -3.17681717872620e-03 9.71797943115234e-01
3.29352630615234e-01 -2.57819555664063e+00 1.93263992667198e-01
3.29352630615234e-01 -5.39513793945313e-01 1.65962323546410e-01
3.29352630615234e-01 -1.61962982177734e-01 1.71979248523712e-01
3.29352630615234e-01 -6.95269088745117e-02 1.55699521303177e-01
3.29352630615234e-01 -3.65246963500977e-02 1.53216466307640e-01
3.29352630615234e-01 -1.92362556457520e-02 1.19720995426178e-01
3.29352630615234e-01 -1.13065280914307e-02 4.75614041090012e-01
3.29352630615234e-01 -6.72617340087891e-03 8.47787022590637e-01
3.29352630615234e-01 -4.67769908905029e-03 1.98174619674683e+00
3.29352630615234e-01 -2.93528103828430e-03 6.91638469696045e+00
3.54924896240234e-01 -2.62095458984375e+00 1.29572451114655e-01
3.54924896240234e-01 -4.98819854736328e-01 1.04227915406227e-01
3.54924896240234e-01 -1.68979583740234e-01 5.12793287634850e-02
3.54924896240234e-01 -7.79823379516602e-02 1.00159451365471e-01
3.54924896240234e-01 -3.76339912414551e-02 1.84288486838341e-01
3.54924896240234e-01 -2.08457622528076e-02 2.95075833797455e-01
3.54924896240234e-01 -1.17854795455933e-02 1.12560220062733e-01
3.54924896240234e-01 -7.91338682174683e-03 2.80092537403107e-01
3.54924896240234e-01 -4.91506242752075e-03 3.83016180992126e+00
3.54924896240234e-01 -3.24641227722168e-03 5.18709230422974e+00
3.91667388916016e-01 -2.50373876953125e+00 3.05533204227686e-02
3.91667388916016e-01 -4.91247833251953e-01 3.89302149415016e-02
3.91667388916016e-01 -1.77969345092773e-01 3.79924476146698e-02
3.91667388916016e-01 -7.47107162475586e-02 4.52511385083199e-02
3.91667388916016e-01 -3.79532699584961e-02 1.17837168276310e-01
3.91667388916016e-01 -2.01495380401611e-02 9.37934219837189e-02
3.91667388916016e-01 -1.29316883087158e-02 3.42739015817642e-01
3.91667388916016e-01 -7.64728784561157e-03 2.60399699211121e+00
3.91667388916016e-01 -5.07466888427734e-03 3.22159719467163e+00
4.18824218750000e-01 -2.54303149414062e+00 3.21669653058052e-02
4.18824218750000e-01 -5.44419921875000e-01 6.50621578097343e-02
4.18824218750000e-01 -1.75312530517578e-01 6.52099549770355e-02
4.18824218750000e-01 -7.66188201904297e-02 6.67277351021767e-02
4.18824218750000e-01 -3.70772972106934e-02 3.44725809991360e-02
4.18824218750000e-01 -2.21235370635986e-02 2.51828074455261e-01
4.18824218750000e-01 -1.23708658218384e-02 1.59393370151520e+00
4.18824218750000e-01 -8.03210735321045e-03 1.90063083171844e+00
4.52671356201172e-01 -3.05717333984375e+00 5.78392967581749e-02
4.52671356201172e-01 -5.83103149414062e-01 5.99346049129963e-02
4.52671356201172e-01 -1.96992752075195e-01 0.00000000000000e+00
4.52671356201172e-01 -8.18476715087891e-02 5.84678798913956e-02
4.52671356201172e-01 -4.43674926757813e-02 3.11363879591227e-02
4.52671356201172e-01 -2.30368213653564e-02 8.63812625408173e-01
4.52671356201172e-01 -1.44299468994141e-02 1.02831041812897e+00
3.22162536621094e-01 -1.88649597167969e+00 6.67081922292709e-02
3.22162536621094e-01 -3.97652008056641e-01 3.95586900413036e-02
3.22162536621094e-01 -1.31280746459961e-01 0.00000000000000e+00
3.22162536621094e-01 -6.25087089538574e-02 6.29135966300964e-02
3.22162536621094e-01 -2.97789039611816e-02 2.84009099006653e-01
3.22162536621094e-01 -1.75038871765137e-02 2.57395088672638e-01
1.74810760498047e-01 -9.69785583496094e-01 6.09793923795223e-02
1.74810760498047e-01 -1.89910781860352e-01 5.50470687448978e-02
1.74810760498047e-01 -7.18771133422852e-02 2.96884533017874e-02
1.74810760498047e-01 -3.00587196350098e-02 6.83698594570160e-01
1.74810760498047e-01 -1.61768016815186e-02 1.01965785026550e+00
9.84495010375977e-02 -4.87276428222656e-01 2.79031414538622e-02
9.84495010375977e-02 -1.06016525268555e-01 4.53429743647575e-02
9.84495010375977e-02 -3.43706741333008e-02 2.49701172113419e-01
9.84495010375977e-02 -1.62270412445068e-02 2.47021213173866e-01
4.46408195495605e-02 -2.39640182495117e-01 0.00000000000000e+00
4.46408195495605e-02 -4.34254951477051e-02 1.89480662345886e-01
4.46408195495605e-02 -1.58712587356567e-02 2.11652129888535e-01
1.59316167831421e-02 -7.51686401367188e-02 2.35990703105927e-01
1.59316167831421e-02 -1.53324260711670e-02 9.51897919178009e-01
2.74514603614807e-03 -1.41915636062622e-02 1.29476749897003e+00
5.01126983642578e-01 -2.84813380241394e-03 4.60146784782410e-01
5.01126983642578e-01 -1.96160054206848e-03 7.51719415187836e-01
5.01126983642578e-01 -1.40823137760162e-03 7.48925089836121e-01
5.01126983642578e-01 -1.01137506961823e-03 1.31506240367889e+00
5.01126983642578e-01 -7.53170967102051e-04 2.50359320640564e+00
5.01126983642578e-01 -9.25568222999573e-04 2.57215166091919e+00
5.01126983642578e-01 -9.82464477419853e-05 3.06820297241211e+01
5.01126983642578e-01 -3.52069944143295e-04 3.68669104576111e+00
5.01126983642578e-01 -2.90565729141235e-04 6.31649971008301e+00
5.01126983642578e-01 -2.12879508733749e-04 1.20511054992676e+01
5.27661437988281e-01 -3.03637290000916e-03 7.41165801882744e-02
5.27661437988281e-01 -1.99026703834534e-03 7.69395411014557e-01
5.27661437988281e-01 -1.48191809654236e-03 8.49607706069946e-01
5.27661437988281e-01 -1.11374092102051e-03 9.20993983745575e-01
5.27661437988281e-01 -8.10477435588837e-04 1.54600298404694e+00
5.27661437988281e-01 -6.14315152168274e-04 2.34390425682068e+00
5.27661437988281e-01 -4.58483427762985e-04 8.23176726698875e-02
5.27661437988281e-01 -3.52069944143295e-04 5.74258852005005e+00
5.27661437988281e-01 -3.15120548009872e-04 6.86993455886841e+00
5.27661437988281e-01 -2.49724030494690e-04 5.14527416229248e+00
4.90153472900391e-01 -2.66807961463928e-03 7.85082399845123e-01
4.90153472900391e-01 -1.92064857482910e-03 7.38206982612610e-01
4.90153472900391e-01 -1.32635748386383e-03 8.17072868347168e-01
4.90153472900391e-01 -1.04003739356995e-03 1.25283455848694e+00
4.90153472900391e-01 -7.61357605457306e-04 1.69536578655243e+00
4.90153472900391e-01 -5.65169990062714e-04 2.45197844505310e+00
4.90153472900391e-01 -4.38015401363373e-04 3.02718901634216e+00
4.90153472900391e-01 -3.56163769960403e-04 3.93214845657349e+00
4.90153472900391e-01 -2.82380759716034e-04 1.02138690948486e+01
4.90153472900391e-01 -1.96504160761833e-04 1.80375595092773e+01
4.46803649902344e-01 -2.64352655410767e-03 4.11582469940186e-01
4.46803649902344e-01 -1.82645881175995e-03 6.21635913848877e-01
4.46803649902344e-01 -1.42051243782043e-03 9.10335659980774e-01
4.46803649902344e-01 -9.99091088771820e-04 1.17266142368317e+00
4.46803649902344e-01 -7.16331005096436e-04 2.83035707473755e+00
4.46803649902344e-01 -5.52883684635162e-04 3.71386194229126e+00
4.46803649902344e-01 -4.38015401363373e-04 3.16293716430664e+00
4.46803649902344e-01 -3.52069944143295e-04 5.75283575057983e+00
4.46803649902344e-01 -2.74195820093155e-04 7.65955018997192e+00
4.46803649902344e-01 -2.04691842198372e-04 1.74650497436523e+01
4.04064941406250e-01 -2.54940724372864e-03 5.97000062465668e-01
4.04064941406250e-01 -2.00664734840393e-03 3.61311554908752e-01
4.04064941406250e-01 -1.38776290416718e-03 1.40383625030518e+00
4.04064941406250e-01 -9.82712447643280e-04 1.41110599040985e+00
4.04064941406250e-01 -7.36797630786896e-04 2.77659177780151e+00
4.04064941406250e-01 -5.56979119777679e-04 4.94896888732910e+00
4.04064941406250e-01 -4.33921843767166e-04 4.00413227081299e+00
4.04064941406250e-01 -3.43882292509079e-04 4.11697435379028e+00
4.04064941406250e-01 -2.66010820865631e-04 9.70363712310791e+00
4.04064941406250e-01 -1.88316494226456e-04 1.11273555755615e+01
3.69493835449219e-01 -2.52076220512390e-03 4.53401833772659e-01
3.69493835449219e-01 -1.67903172969818e-03 3.90378981828690e-01
3.69493835449219e-01 -1.17489063739777e-03 4.56829130649567e-01
3.69493835449219e-01 -8.35305631160736e-04 9.43293511867523e-01
3.69493835449219e-01 -6.91771149635315e-04 4.54836893081665e+00
3.69493835449219e-01 -5.07833898067474e-04 5.60645246505737e+00
3.69493835449219e-01 -3.84798586368561e-04 5.79655456542969e+00
3.69493835449219e-01 -2.62005537748337e-04 6.77693796157837e+00
3.69493835449219e-01 -2.33271047472954e-04 1.05707197189331e+01
3.69493835449219e-01 -1.63753479719162e-04 2.88610248565674e+01
3.82180877685547e-01 -2.69672441482544e-03 4.77463006973267e-01
3.82180877685547e-01 -1.73226940631866e-03 4.21858340501785e-01
3.82180877685547e-01 -1.23220252990723e-03 4.07721638679504e-01
3.82180877685547e-01 -9.54050064086914e-04 1.33163750171661e+00
3.82180877685547e-01 -7.36797630786896e-04 2.12322068214417e+00
3.82180877685547e-01 -5.28311073780060e-04 3.81237912178040e+00
3.82180877685547e-01 -4.05266612768173e-04 2.59177947044373e+00
3.82180877685547e-01 -2.86568582057953e-04 5.01973342895508e+00
3.82180877685547e-01 -2.53733456134796e-04 2.97401981353760e+01
3.82180877685547e-01 -1.96504160761833e-04 1.08604652404785e+02
3.57606231689453e-01 -2.25477266311645e-03 6.96418583393097e-01
3.57606231689453e-01 -1.58074688911438e-03 8.12420606613159e-01
3.57606231689453e-01 -1.18307805061340e-03 9.21095430850983e-01
3.57606231689453e-01 -8.84441316127777e-04 1.31245410442352e+00
3.57606231689453e-01 -6.46744608879089e-04 3.77161216735840e+00
3.57606231689453e-01 -4.38211470842361e-04 2.83288788795471e+00
3.57606231689453e-01 -3.39768946170807e-04 5.54475784301758e+00
3.57606231689453e-01 -2.33348697423935e-04 1.79508323669434e+01
3.57606231689453e-01 -2.16901168227196e-04 3.74590682983398e+01
3.57606231689453e-01 -1.51471957564354e-04 2.98962535858154e+01
3.34004364013672e-01 -2.05834960937500e-03 9.13423418998718e-01
3.34004364013672e-01 -1.50293815135956e-03 1.20712292194366e+00
3.34004364013672e-01 -1.12576639652252e-03 1.12468910217285e+00
3.34004364013672e-01 -7.82075405120850e-04 1.60427737236023e+00
3.34004364013672e-01 -5.64878165721893e-04 2.09135484695435e+00
3.34004364013672e-01 -3.97257119417191e-04 4.53865098953247e+00
3.34004364013672e-01 -3.19300949573517e-04 1.47517690658569e+01
3.34004364013672e-01 -2.66099393367767e-04 7.26466217041016e+01
3.34004364013672e-01 -1.71883940696716e-04 8.83372497558594e+01
3.35334136962891e-01 -2.02970457077026e-03 3.33490937948227e-01
3.35334136962891e-01 -1.49065268039703e-03 3.66600275039673e-01
3.35334136962891e-01 -1.01523661613464e-03 1.61604523658752e+00
3.35334136962891e-01 -7.08371996879578e-04 1.66642081737518e+00
3.35334136962891e-01 -5.28038322925568e-04 2.64199352264404e+00
3.35334136962891e-01 -4.13638889789581e-04 1.10160160064697e+01
3.35334136962891e-01 -2.82458543777466e-04 2.85846958160400e+01
3.35334136962891e-01 -2.74287045001984e-04 1.35500211715698e+01
3.60866546630859e-01 -2.51257824897766e-03 5.75276255607605e-01
3.60866546630859e-01 -1.53160452842712e-03 1.21959733963013e+00
3.60866546630859e-01 -1.16260969638824e-03 1.26075720787048e+00
3.60866546630859e-01 -7.73886144161224e-04 2.93301492929459e-01
3.60866546630859e-01 -6.34464621543884e-04 5.99882030487061e+00
3.60866546630859e-01 -5.11929333209991e-04 1.54920358657837e+01
3.60866546630859e-01 -2.98832923173904e-04 1.12572097778320e+01
3.61412078857422e-01 -2.40618205070496e-03 7.23059415817261e-01
3.61412078857422e-01 -1.66265094280243e-03 3.31681817770004e-01
3.61412078857422e-01 -1.14623486995697e-03 3.26640576124191e-01
3.61412078857422e-01 -8.72157394886017e-04 3.38645005226135e+00
3.61412078857422e-01 -5.89438080787659e-04 7.20622253417969e+00
3.61412078857422e-01 -5.44692814350128e-04 4.30009508132935e+00
3.43848114013672e-01 -2.27523350715637e-03 4.38103497028351e-01
3.43848114013672e-01 -1.41284382343292e-03 5.43328940868378e-01
3.43848114013672e-01 -1.13395369052887e-03 3.53595328330994e+00
3.43848114013672e-01 -7.77980744838715e-04 5.32651948928833e+00
3.43848114013672e-01 -5.81251502037048e-04 3.78197956085205e+00
3.66765411376953e-01 -2.24658846855164e-03 7.34230279922485e-01
3.66765411376953e-01 -1.59303259849548e-03 1.81775712966919e+00
3.66765411376953e-01 -1.15032863616943e-03 3.39274477958679e+00
3.66765411376953e-01 -8.14832508563995e-04 2.77445912361145e+00
3.74422698974609e-01 -2.34889221191406e-03 1.16252648830414e+00
3.74422698974609e-01 -1.47017645835876e-03 2.30749344825745e+00
3.74422698974609e-01 -1.17898440361023e-03 2.12224245071411e+00
3.39340515136719e-01 -1.98469102382660e-03 1.78889131546021e+00
3.39340515136719e-01 -1.54389011859894e-03 1.61796689033508e+00
3.24660797119141e-01 -2.07062625885010e-03 7.50545072555542e+00
4.99745605468750e-01 -2.04607322812080e-04 5.02585124969482e+00
4.99745605468750e-01 -1.18760772049427e-04 8.57719039916992e+00
4.99745605468750e-01 -1.30998283624649e-04 1.06653919219971e+01
4.99745605468750e-01 -8.18927064538002e-05 1.23410377502441e+01
4.99745605468750e-01 -8.18663984537125e-05 2.91987972259521e+01
4.99745605468750e-01 -2.45726071298122e-05 0.00000000000000e+00
4.99745605468750e-01 -9.82464477419853e-05 2.13777103424072e+01
5.26659301757813e-01 -2.45528787374496e-04 5.79850625991821e+00
5.26659301757813e-01 -8.59991908073425e-05 8.94110426306725e-02
5.26659301757813e-01 -1.02342389523983e-04 1.39388828277588e+01
5.26659301757813e-01 -1.31028324365616e-04 1.07833480834961e+01
5.26659301757813e-01 -1.06426320970058e-04 2.36888713836670e+01
5.26659301757813e-01 -4.50497828423977e-05 4.64090690612793e+01
4.89843261718750e-01 -1.14580102264881e-04 1.63162365555763e-01
4.89843261718750e-01 -2.00664773583412e-04 1.62023082375526e-01
4.89843261718750e-01 -7.36865252256393e-05 3.50278778076172e+01
4.89843261718750e-01 8.18927120417357e-06 0.00000000000000e+00
4.89843261718750e-01 -2.04666018486023e-04 1.39970359802246e+01
4.46890716552734e-01 -1.96423023939133e-04 4.95253896713257e+00
4.46890716552734e-01 -1.02379977703094e-04 2.52377490997314e+01
4.46890716552734e-01 -1.47373065352440e-04 1.93118419647217e+01
4.46890716552734e-01 -4.91356253623962e-05 4.09439430236816e+01
4.03501739501953e-01 -6.54743462800980e-05 4.50739326477051e+01
4.03501739501953e-01 -8.19039940834045e-05 4.74199256896973e+01
4.03501739501953e-01 -2.16965883970261e-04 1.22036085128784e+01
3.70239044189453e-01 -3.84661763906479e-04 5.45079469680786e+00
3.70239044189453e-01 1.10570378601551e-04 1.65768547058105e+01
3.82465240478516e-01 -1.84146597981453e-04 6.48270263671875e+01
5.34371093750000e-01 -1.16592211914063e+00 0.00000000000000e+00
5.34371093750000e-01 -2.35166824340820e-01 2.77381148189306e-02
5.34371093750000e-01 -6.63874664306641e-02 4.91288863122463e-02
5.34371093750000e-01 -2.68485260009766e-02 0.00000000000000e+00
5.34371093750000e-01 -1.25992403030396e-02 1.37285575270653e-01
5.34371093750000e-01 -6.17182064056397e-03 2.42709413170815e-01
5.34371093750000e-01 -4.09769535064697e-03 6.03658020496368e-01
5.34371093750000e-01 -1.30593383312225e-03 1.13804399967194e+00
5.34371093750000e-01 -1.25638985633850e-03 2.27074360847473e+00
5.34371093750000e-01 -8.55611920356750e-04 2.72799181938171e+00
4.60115936279297e-01 -9.84083496093750e-01 0.00000000000000e+00
4.60115936279297e-01 -1.95549880981445e-01 0.00000000000000e+00
4.60115936279297e-01 -5.49414978027344e-02 4.42667342722416e-02
4.60115936279297e-01 -2.40027523040771e-02 1.24097347259521e-01
4.60115936279297e-01 -1.07613391876221e-02 1.38397172093391e-01
4.60115936279297e-01 -5.34454250335693e-03 4.59774464368820e-01
4.60115936279297e-01 -2.94330000877380e-03 1.28212761878967e+00
4.60115936279297e-01 -1.68666088581085e-03 2.52354645729065e+00
4.60115936279297e-01 -1.11315321922302e-03 1.69847786426544e+00
4.60115936279297e-01 -6.79576933383942e-04 4.90209007263184e+00
5.05855682373047e-01 -1.21740942382813e+00 4.96976301074028e-02
5.05855682373047e-01 -2.10931427001953e-01 0.00000000000000e+00
5.05855682373047e-01 -6.65716857910156e-02 4.63785417377949e-02
5.05855682373047e-01 -2.72416114807129e-02 6.33576214313507e-02
5.05855682373047e-01 -1.20916681289673e-02 7.13699609041214e-02
5.05855682373047e-01 -6.20048856735230e-03 2.32892140746117e-01
5.05855682373047e-01 -3.34037947654724e-03 5.82001209259033e-01
5.05855682373047e-01 -1.95685410499573e-03 1.28147733211517e+00
5.05855682373047e-01 -1.24411225318909e-03 1.22713565826416e+00
5.05855682373047e-01 -7.65547394752502e-04 2.55158638954163e+00
3.93947967529297e-01 -1.03317285156250e+00 3.72362472116947e-02
3.93947967529297e-01 -1.71248947143555e-01 5.61630912125111e-02
3.93947967529297e-01 -5.89205665588379e-02 4.99801598489285e-02
3.93947967529297e-01 -2.30568904876709e-02 7.37399980425835e-02
3.93947967529297e-01 -1.02496728897095e-02 5.07901534438133e-02
3.93947967529297e-01 -5.41416454315186e-03 4.93413478136063e-01
3.93947967529297e-01 -2.82049179077148e-03 1.00318765640259e+00
3.93947967529297e-01 -1.69075465202332e-03 1.74966216087341e-01
3.93947967529297e-01 -1.03948855400085e-03 1.24731206893921e+00
3.93947967529297e-01 -6.38638496398926e-04 5.16489791870117e+00
4.16214874267578e-01 -1.04499096679688e+00 4.76377010345459e-02
4.16214874267578e-01 -1.93363021850586e-01 5.87542429566383e-02
4.16214874267578e-01 -6.29774169921875e-02 6.37797564268112e-02
4.16214874267578e-01 -2.43753662109375e-02 1.22207500040531e-01
4.16214874267578e-01 -1.12975635528564e-02 2.52967864274979e-01
4.16214874267578e-01 -5.71313095092773e-03 2.29170113801956e-01
4.16214874267578e-01 -3.06610798835754e-03 7.98035204410553e-01
4.16214874267578e-01 -1.83813261985779e-03 7.31026589870453e-01
4.16214874267578e-01 -1.08041322231293e-03 2.00808334350586e+00
4.16214874267578e-01 -5.97700119018555e-04 1.67018508911133e+01
3.69084625244141e-01 -8.49165405273438e-01 4.24457006156445e-02
3.69084625244141e-01 -1.77956893920898e-01 3.58043834567070e-02
3.69084625244141e-01 -5.59485397338867e-02 4.93131689727306e-02
3.69084625244141e-01 -2.16810932159424e-02 1.16166211664677e-01
3.69084625244141e-01 -1.05525789260864e-02 9.24374610185623e-02
3.69084625244141e-01 -4.94728517532349e-03 4.65023279190063e-01
3.69084625244141e-01 -2.87780213356018e-03 6.30346179008484e-01
3.69084625244141e-01 -1.59659636020660e-03 1.47065544128418e+00
3.69084625244141e-01 -9.57639157772064e-04 7.85703134536743e+00
3.69084625244141e-01 -6.18169307708740e-04 1.70976486206055e+01
3.56086975097656e-01 -8.39446594238281e-01 4.14250530302525e-02
3.56086975097656e-01 -1.67542800903320e-01 3.66906486451626e-02
3.56086975097656e-01 -5.21618728637695e-02 8.33322182297707e-02
3.56086975097656e-01 -2.10832786560059e-02 1.18099391460419e-01
3.56086975097656e-01 -9.87308788299561e-03 1.45603612065315e-01
3.56086975097656e-01 -4.84489917755127e-03 3.44524353742599e-01
3.56086975097656e-01 -2.74271345138550e-03 4.42976534366608e-01
3.56086975097656e-01 -1.50243782997131e-03 1.22513949871063e+00
3.56086975097656e-01 -9.08529400825501e-04 1.20137014389038e+01
3.55760253906250e-01 -8.83613159179688e-01 3.93183529376984e-02
3.55760253906250e-01 -1.66719650268555e-01 6.89175277948380e-02
3.55760253906250e-01 -5.08805465698242e-02 9.05298814177513e-02
3.55760253906250e-01 -2.16565246582031e-02 1.87578380107880e-01
3.55760253906250e-01 -9.24681091308594e-03 2.84589916467667e-01
3.55760253906250e-01 -4.91042613983154e-03 4.96706187725067e-01
3.55760253906250e-01 -2.57487535476685e-03 9.61796879768372e-01
3.55760253906250e-01 -1.44512438774109e-03 5.04979658126831e+00
3.55760253906250e-01 -9.24899280071259e-04 1.10456190109253e+01
3.33126983642578e-01 -7.84358093261719e-01 2.93278656899929e-02
3.33126983642578e-01 -1.47492691040039e-01 6.75343945622444e-02
3.33126983642578e-01 -4.65944480895996e-02 8.72741714119911e-02
3.33126983642578e-01 -1.91178531646729e-02 1.24710239470005e-01
3.33126983642578e-01 -8.42405319213867e-03 3.00190091133118e-01
3.33126983642578e-01 -4.44764184951782e-03 9.89761874079704e-02
3.33126983642578e-01 -2.25557470321655e-03 3.77936601638794e-01
3.33126983642578e-01 -1.37143528461456e-03 7.63212585449219e+00
3.56732391357422e-01 -8.79721557617188e-01 6.26134127378464e-02
3.56732391357422e-01 -1.58705352783203e-01 3.88039536774158e-02
3.56732391357422e-01 -5.30583915710449e-02 7.10770040750504e-02
3.56732391357422e-01 -1.96010227203369e-02 2.77705118060112e-02
3.56732391357422e-01 -9.49650382995606e-03 6.40846341848373e-02
3.56732391357422e-01 -4.61145925521851e-03 3.16455870866776e-01
3.56732391357422e-01 -2.43978691101074e-03 3.08540010452271e+00
3.56732391357422e-01 -1.40418601036072e-03 6.73870182037354e+00
3.35763671875000e-01 -8.72633911132813e-01 5.31394034624100e-02
3.35763671875000e-01 -1.59921630859375e-01 5.73088303208351e-02
3.35763671875000e-01 -5.20636253356934e-02 8.80165621638298e-02
3.35763671875000e-01 -1.95314121246338e-02 5.86550198495388e-02
3.35763671875000e-01 -9.44328975677490e-03 1.53453007340431e-01
3.35763671875000e-01 -4.47221469879150e-03 2.87827193737030e-01
3.35763671875000e-01 -2.51347184181213e-03 4.50784397125244e+00
3.63301757812500e-01 -9.19742614746094e-01 4.72440272569656e-02
3.63301757812500e-01 -1.84230743408203e-01 4.81443628668785e-02
3.63301757812500e-01 -5.35414505004883e-02 5.85696212947369e-02
3.63301757812500e-01 -2.21724529266357e-02 7.90631026029587e-02
3.63301757812500e-01 -9.91402149200439e-03 1.89621090888977e-01
3.63301757812500e-01 -4.82442188262939e-03 1.23021769523621e+00
3.63301757812500e-01 -2.63627982139587e-03 3.66426777839661e+00
3.62817291259766e-01 -8.77728637695313e-01 0.00000000000000e+00
3.62817291259766e-01 -1.78378692626953e-01 2.48287599533796e-02
3.62817291259766e-01 -5.14986953735352e-02 6.08116500079632e-02
3.62817291259766e-01 -2.17261371612549e-02 7.64445886015892e-02
3.62817291259766e-01 -9.36551666259766e-03 0.00000000000000e+00
3.62817291259766e-01 -4.89813995361328e-03 2.22921347618103e+00
3.53057708740234e-01 -9.18940551757813e-01 5.30607439577579e-02
3.53057708740234e-01 -1.62378753662109e-01 5.93487545847893e-02
3.53057708740234e-01 -5.12694473266602e-02 4.20307479798794e-02
3.53057708740234e-01 -2.00104827880859e-02 1.26275643706322e-01
3.53057708740234e-01 -8.94799709320068e-03 7.09818542003632e-01
3.53057708740234e-01 -4.44354677200317e-03 2.06837439537048e+00
3.51153259277344e-01 -1.00015740966797e+00 0.00000000000000e+00
3.51153259277344e-01 -1.61027343750000e-01 4.61070947349072e-02
3.51153259277344e-01 -5.23419990539551e-02 8.18948224186897e-02
3.51153259277344e-01 -1.96337757110596e-02 1.25061199069023e-01
3.51153259277344e-01 -8.93162441253662e-03 1.32694137096405e+00
3.41424591064453e-01 -9.73079711914063e-01 3.42646576464176e-02
3.41424591064453e-01 -1.65527954101563e-01 3.56080755591393e-02
3.41424591064453e-01 -5.04384231567383e-02 1.05334356427193e-01
3.41424591064453e-01 -1.94413299560547e-02 2.59808212518692e-01
3.41424591064453e-01 -8.79654502868652e-03 1.07749867439270e+00
2.66063964843750e-01 -6.88601928710938e-01 3.77326980233192e-02
2.66063964843750e-01 -1.31873626708984e-01 3.48299778997898e-02
2.66063964843750e-01 -3.91152648925781e-02 5.08470162749290e-02
2.66063964843750e-01 -1.57889146804810e-02 7.16283142566681e-01
2.83496185302734e-01 -6.82213989257813e-01 4.97018173336983e-02
2.83496185302734e-01 -1.28351730346680e-01 5.39244264364243e-02
2.83496185302734e-01 -3.97907295227051e-02 1.92027166485786e-01
2.83496185302734e-01 -1.58134832382202e-02 7.06484556198120e-01
1.15954200744629e-01 -2.74177917480469e-01 4.13003787398338e-02
1.15954200744629e-01 -4.86468696594238e-02 2.90965605527163e-02
1.15954200744629e-01 -1.56665735244751e-02 7.28415548801422e-01
1.18467636108398e-01 -2.75761566162109e-01 2.96654552221298e-02
1.18467636108398e-01 -4.97361984252930e-02 8.72285068035126e-02
1.18467636108398e-01 -1.56010742187500e-02 5.36509811878204e-01
3.53405227661133e-02 -7.98868865966797e-02 5.29106557369232e-02
3.53405227661133e-02 -1.54102354049683e-02 4.98429059982300e-01
3.72204170227051e-02 -7.81681900024414e-02 1.31521344184875e-01
3.72204170227051e-02 -1.53242359161377e-02 4.91675704717636e-01
7.53990602493286e-03 -1.52146005630493e-02 3.57275843620300e-01
8.02749061584473e-03 -1.48504009246826e-02 5.56164324283600e-01
5.34981811523437e-01 -5.89269101619720e-04 5.08431720733643e+00
5.34981811523437e-01 -4.17710304260254e-04 2.16946601867676e+01
4.57687530517578e-01 -4.66504663228989e-04 1.78792610168457e+01
4.57687530517578e-01 -3.48091930150986e-04 2.22512836456299e+01
5.03557708740234e-01 -3.51924568414688e-04 8.36099052429199e+00
3.90871154785156e-01 -4.25583213567734e-04 1.64616813659668e+01
4.63892669677734e-01 -5.75515380859375e-01 2.78301555663347e-02
4.63892669677734e-01 -8.71622161865234e-02 4.59392927587032e-02
4.63892669677734e-01 -2.61628112792969e-02 5.41107021272182e-02
4.63892669677734e-01 -9.64286708831787e-03 1.66179865598679e-01
4.63892669677734e-01 -3.69626784324646e-03 7.84487962722778e-01
4.63892669677734e-01 -2.09276700019836e-03 1.03562474250793e-01
4.63892669677734e-01 -1.10117888450623e-03 4.33102655410767e+00
4.72229278564453e-01 -5.80806579589844e-01 3.97000871598721e-02
4.72229278564453e-01 -9.56802444458008e-02 6.02477267384529e-02
4.72229278564453e-01 -2.73336086273193e-02 5.27237169444561e-02
4.72229278564453e-01 -9.90492248535156e-03 5.14407046139240e-02
4.72229278564453e-01 -4.19974660873413e-03 2.53760457038879e-01
4.72229278564453e-01 -2.13781690597534e-03 2.66832566261292e+00
4.72229278564453e-01 -1.18714451789856e-03 1.72513713836670e+01
4.30479766845703e-01 -5.53180480957031e-01 2.68683452159166e-02
4.30479766845703e-01 -9.70152740478516e-02 3.83007861673832e-02
4.30479766845703e-01 -2.62446861267090e-02 7.91464522480965e-02
4.30479766845703e-01 -9.79436969757080e-03 1.67662650346756e-01
4.30479766845703e-01 -4.15881299972534e-03 2.54370927810669e-01
4.30479766845703e-01 -2.03133559226990e-03 6.11672401428223e-01
4.30479766845703e-01 -1.05205559730530e-03 1.04708123207092e+00
4.02809265136719e-01 -5.06198516845703e-01 3.88551540672779e-02
4.02809265136719e-01 -9.20764694213867e-02 4.62478436529636e-02
4.02809265136719e-01 -2.56388187408447e-02 1.35611504316330e-01
4.02809265136719e-01 -9.25797176361084e-03 2.54976212978363e-01
4.02809265136719e-01 -4.07694721221924e-03 3.18696647882462e-01
4.02809265136719e-01 -1.91256809234619e-03 1.96324837207794e+00
4.12944580078125e-01 -5.46080627441406e-01 0.00000000000000e+00
4.12944580078125e-01 -9.64378509521484e-02 5.22702187299728e-02
4.12944580078125e-01 -2.74687023162842e-02 1.02586135268211e-01
4.12944580078125e-01 -9.70428562164307e-03 2.79276341199875e-01
4.12944580078125e-01 -4.26523971557617e-03 1.13623642921448e+00
4.12944580078125e-01 -1.91666340827942e-03 8.63536548614502e+00
3.45036804199219e-01 -4.61291320800781e-01 0.00000000000000e+00
3.45036804199219e-01 -7.76408843994141e-02 4.69802841544151e-02
3.45036804199219e-01 -2.30884437561035e-02 1.76630795001984e-01
3.45036804199219e-01 -8.12375736236572e-03 1.86146765947342e-01
3.45036804199219e-01 -3.43020224571228e-03 1.62795349955559e-01
3.45036804199219e-01 -1.63817381858826e-03 9.69579696655273e-01
3.53877990722656e-01 -4.70842346191406e-01 2.59497445076704e-02
3.53877990722656e-01 -7.98809661865234e-02 4.68328893184662e-02
3.53877990722656e-01 -2.30966339111328e-02 1.81092560291290e-01
3.53877990722656e-01 -8.47999000549316e-03 7.11923390626907e-02
3.53877990722656e-01 -3.43429565429687e-03 1.12902343273163e+00
3.56385589599609e-01 -4.58979278564453e-01 3.79137806594372e-02
3.56385589599609e-01 -7.85377349853516e-02 5.53926080465317e-02
3.56385589599609e-01 -2.17743682861328e-02 7.49231353402138e-02
3.56385589599609e-01 -8.12785148620605e-03 6.69059082865715e-02
3.56385589599609e-01 -3.25009608268738e-03 3.87912034988403e-01
3.54667877197266e-01 -4.56036956787109e-01 0.00000000000000e+00
3.54667877197266e-01 -8.06344757080078e-02 7.10280835628510e-02
3.54667877197266e-01 -2.21428012847900e-02 4.23321165144444e-02
3.54667877197266e-01 -7.86579513549805e-03 8.42645540833473e-02
3.54667877197266e-01 -3.32786941528320e-03 5.99577426910400e-01
3.33282684326172e-01 -4.47062927246094e-01 5.75551427900791e-02
3.33282684326172e-01 -7.71207962036133e-02 5.27535043656826e-02
3.33282684326172e-01 -2.18398647308350e-02 5.70372380316257e-02
3.33282684326172e-01 -7.54641342163086e-03 4.90602940320969e-01
3.39372039794922e-01 -4.66291900634766e-01 4.35245074331760e-02
3.39372039794922e-01 -7.69160308837891e-02 2.69301794469357e-02
3.39372039794922e-01 -2.26217632293701e-02 1.29492521286011e-01
3.39372039794922e-01 -7.77161788940430e-03 1.86778509616852e+00
3.84592041015625e-01 -5.35796997070312e-01 4.95661348104477e-02
3.84592041015625e-01 -8.63595581054687e-02 8.15438479185104e-02
3.84592041015625e-01 -2.44639282226563e-02 0.00000000000000e+00
3.84592041015625e-01 -8.81165504455566e-03 7.44591206312180e-02
2.58967468261719e-01 -3.62363677978516e-01 4.27382029592991e-02
2.58967468261719e-01 -5.83565902709961e-02 6.05648122727871e-02
2.58967468261719e-01 -1.60472888946533e-02 1.95449218153954e-01
2.62525665283203e-01 -3.59998443603516e-01 4.36100736260414e-02
2.62525665283203e-01 -5.98472404479981e-02 1.07094623148441e-01
2.62525665283203e-01 -1.59858827590942e-02 9.49581980705261e-01
2.59703338623047e-01 -3.55087860107422e-01 5.64653165638447e-02
2.59703338623047e-01 -5.81886901855469e-02 1.49203717708588e-01
2.59703338623047e-01 -1.62806282043457e-02 1.50043845176697e-01
6.93579788208008e-02 -9.57603225708008e-02 2.50072441995144e-02
6.93579788208008e-02 -1.57214689254761e-02 1.26297488808632e-01
7.22988281250000e-02 -9.63045730590820e-02 7.77607783675194e-02
7.22988281250000e-02 -1.56641368865967e-02 6.54032409191132e-01
7.50615234375000e-02 -9.22427062988281e-02 6.28239735960960e-02
7.50615234375000e-02 -1.59499816894531e-02 0.00000000000000e+00
1.24261074066162e-02 -1.51654958724976e-02 8.22359740734100e-01
1.27340669631958e-02 -1.52391529083252e-02 2.28997945785522e-01
1.25966510772705e-02 -1.51163883209229e-02 3.13859730958939e-01
4.80872039794922e-01 -3.47762908935547e-01 0.00000000000000e+00
4.80872039794922e-01 -5.43228225708008e-02 3.82042974233627e-02
4.80872039794922e-01 -1.39840650558472e-02 1.89185485243797e-01
4.80872039794922e-01 -4.98726654052734e-03 5.22113025188446e-01
4.80872039794922e-01 -2.11215353012085e-03 1.57170057296753e+00
4.09542663574219e-01 -3.09358093261719e-01 3.23204733431339e-02
4.09542663574219e-01 -4.91014366149902e-02 6.23491704463959e-02
4.09542663574219e-01 -1.27518625259399e-02 3.50826591253281e-01
4.09542663574219e-01 -4.46315288543701e-03 1.98012441396713e-01
4.09542663574219e-01 -1.90748727321625e-03 9.40097451210022e-01
4.46785491943359e-01 -3.57874572753906e-01 0.00000000000000e+00
4.46785491943359e-01 -5.45767211914063e-02 8.28586891293526e-02
4.46785491943359e-01 -1.41437177658081e-02 2.31163606047630e-01
4.46785491943359e-01 -4.99545574188232e-03 1.00864839553833e+00
3.99532928466797e-01 -3.36333526611328e-01 4.10145036876202e-02
3.99532928466797e-01 -5.08173294067383e-02 5.87714575231075e-02
3.99532928466797e-01 -1.30507030487061e-02 8.09094682335854e-02
3.99532928466797e-01 -4.51228857040405e-03 9.73680138587952e-01
3.80465332031250e-01 -3.14346435546875e-01 7.23806172609329e-02
3.80465332031250e-01 -4.87779197692871e-02 1.11648581922054e-01
3.80465332031250e-01 -1.25758333206177e-02 1.75785243511200e-01
3.80465332031250e-01 -4.08235168457031e-03 9.32521760463715e-01
3.45356994628906e-01 -2.83880401611328e-01 6.64137452840805e-02
3.45356994628906e-01 -4.44861526489258e-02 1.34019643068314e-01
3.45356994628906e-01 -1.14705362319946e-02 3.66093039512634e-01
3.45356994628906e-01 -3.78344321250916e-03 1.61458283662796e-01
3.56648864746094e-01 -2.81163177490234e-01 0.00000000000000e+00
3.56648864746094e-01 -4.42363395690918e-02 6.95915743708611e-02
3.56648864746094e-01 -1.14459743499756e-02 2.53822773694992e-01
3.79394561767578e-01 -3.02565155029297e-01 5.30240461230278e-02
3.79394561767578e-01 -4.60382308959961e-02 1.81352779269218e-01
3.79394561767578e-01 -1.18266887664795e-02 9.13140594959259e-01
3.32502532958984e-01 -2.75491485595703e-01 2.94663868844509e-02
3.32502532958984e-01 -4.15212211608887e-02 8.10533985495567e-02
3.32502532958984e-01 -1.04430179595947e-02 4.88258332014084e-01
3.37305664062500e-01 -2.89588928222656e-01 0.00000000000000e+00
3.37305664062500e-01 -4.31224479675293e-02 1.26313358545303e-01
3.37305664062500e-01 -1.05699224472046e-02 1.08882203698158e-01
1.25563667297363e-01 -1.06457199096680e-01 4.98757697641850e-02
1.25563667297363e-01 -1.59385147094727e-02 1.22589394450188e-01
1.28092178344727e-01 -1.04312904357910e-01 7.93183520436287e-02
1.28092178344727e-01 -1.56805191040039e-02 8.50893497467041e-01
1.28737625122070e-01 -1.04165588378906e-01 4.26713377237320e-02
1.28737625122070e-01 -1.55126161575317e-02 9.80880558490753e-02
1.33451004028320e-01 -1.11424377441406e-01 7.16237947344780e-02
1.33451004028320e-01 -1.61152935028076e-02 0.00000000000000e+00
1.79867076873779e-02 -1.52514295578003e-02 2.01548323035240e-01
1.92755908966064e-02 -1.53701019287109e-02 9.19037818908691e-01
2.01484222412109e-02 -1.53414583206177e-02 7.10485517978668e-01
2.05055141448975e-02 -1.53373651504517e-02 5.48131227493286e-01
4.16509613037109e-01 -2.14866348266602e-01 4.73256595432758e-02
4.16509613037109e-01 -2.94076251983643e-02 8.08628723025322e-02
4.16509613037109e-01 -7.38502788543701e-03 1.16298222541809e+00
4.25540588378906e-01 -2.29557144165039e-01 3.20018641650677e-02
4.25540588378906e-01 -3.09597053527832e-02 9.37949046492577e-02
4.25540588378906e-01 -7.76164674758911e-03 5.78087866306305e-01
4.46673400878906e-01 -2.44567138671875e-01 6.30589947104454e-02
4.46673400878906e-01 -3.42686271667480e-02 2.81273275613785e-02
4.46673400878906e-01 -8.28154754638672e-03 4.18638229370117e-01
3.70106445312500e-01 -2.02814971923828e-01 6.30059689283371e-02
3.70106445312500e-01 -2.83183040618896e-02 1.49235963821411e-01
3.70106445312500e-01 -6.73413038253784e-03 3.45415759086609e+00
3.81423919677734e-01 -2.07283584594727e-01 0.00000000000000e+00
3.81423919677734e-01 -2.88711547851563e-02 3.33686918020248e-01
3.81423919677734e-01 -6.92244052886963e-03 6.82384371757507e-01
2.19661880493164e-01 -1.16126930236816e-01 3.26547846198082e-02
2.19661880493164e-01 -1.61678485870361e-02 1.63236916065216e-01
2.24649551391602e-01 -1.19924446105957e-01 9.14677307009697e-02
2.24649551391602e-01 -1.67739372253418e-02 3.72357130050659e-01
2.14545394897461e-01 -1.20145423889160e-01 5.33946417272091e-02
2.14545394897461e-01 -1.62374668121338e-02 1.36741369962692e-01
2.16074462890625e-01 -1.21581764221191e-01 7.51511603593826e-02
2.16074462890625e-01 -1.59753713607788e-02 1.41247582435608e+00
2.24761932373047e-01 -1.21193008422852e-01 7.84234330058098e-02
2.24761932373047e-01 -1.63152751922607e-02 1.54470413923264e-01
2.93301429748535e-02 -1.56279077529907e-02 3.27218949794769e-01
2.87845325469971e-02 -1.56320009231567e-02 1.34867072105408e-01
2.83798694610596e-02 -1.56647367477417e-02 7.42107033729553e-01
2.86958675384521e-02 -1.56279077529907e-02 2.26375102996826e-01
2.93881092071533e-02 -1.54069318771362e-02 4.22982573509216e-01
4.32742279052734e-01 -1.60019287109375e-01 8.08616653084755e-02
4.32742279052734e-01 -1.95914344787598e-02 6.33243203163147e-01
4.25668243408203e-01 -1.61169189453125e-01 3.22403162717819e-02
4.25668243408203e-01 -2.02261905670166e-02 4.30837482213974e-01
3.33832977294922e-01 -1.25285156250000e-01 6.50533512234688e-02
3.33832977294922e-01 -1.61842288970947e-02 2.68917292356491e-01
3.26366729736328e-01 -1.23222724914551e-01 9.14471298456192e-02
3.26366729736328e-01 -1.59344205856323e-02 1.74008518457413e-01
3.49910308837891e-01 -1.29962493896484e-01 1.27290040254593e-01
3.49910308837891e-01 -1.65364151000977e-02 7.71531164646149e-01
3.56189178466797e-01 -1.35851074218750e-01 5.54355420172215e-02
3.56189178466797e-01 -1.63930835723877e-02 1.62422344088554e-01
4.09279174804687e-02 -1.58243312835693e-02 2.80619502067566e-01
4.15393486022949e-02 -1.57056589126587e-02 2.68187254667282e-01
4.19583244323730e-02 -1.56565523147583e-02 3.93927305936813e-01
4.10681686401367e-02 -1.54233007431030e-02 7.01666891574860e-01
4.13790016174316e-02 -1.56647367477417e-02 1.64419621229172e-01
4.18726692199707e-02 -1.55910787582397e-02 3.17854583263397e-01
4.31629089355469e-01 -1.15431266784668e-01 0.00000000000000e+00
4.31629089355469e-01 -1.39605350494385e-02 1.00797343254089e+00
3.91945861816406e-01 -1.05712417602539e-01 5.54313920438290e-02
3.91945861816406e-01 -1.28548307418823e-02 2.15724259614944e-01
5.82952461242676e-02 -1.58693447113037e-02 2.30837911367416e-01
6.08329696655273e-02 -1.66059322357178e-02 1.70282423496246e-01
5.76578979492188e-02 -1.56565542221069e-02 1.38558909296989e-01
5.85128364562988e-02 -1.58161468505859e-02 2.36824631690979e-01
5.79040718078613e-02 -1.57302112579346e-02 8.20601880550385e-01
5.73540687561035e-02 -1.57138423919678e-02 6.67575001716614e-01
5.76017646789551e-02 -1.55869855880737e-02 3.37580770254135e-01
7.84809417724609e-02 -1.57138433456421e-02 1.21933154761791e-01
7.65344161987305e-02 -1.56197233200073e-02 6.35114073753357e-01
7.93141098022461e-02 -1.57547636032104e-02 2.17271924018860e-01
8.09312362670898e-02 -1.58938970565796e-02 6.89363658428192e-01
7.91271286010742e-02 -1.58038702011108e-02 1.61704108119011e-01
7.80930862426758e-02 -1.59061737060547e-02 4.02034372091293e-01
1.06513565063477e-01 -1.60002918243408e-02 8.09566080570221e-01
1.07955886840820e-01 -1.58570680618286e-02 5.86178719997406e-01
1.05001411437988e-01 -1.56565532684326e-02 4.32231545448303e-01
