1 4 2 3
2 5 3 4
3 6 4 5
4 7 5 6
5 8 6 7
6 9 7 8
7 10 8 9
8 11 9 10
9 12 10 11
10 13 11 12
11 14 12 13
12 15 13 14
13 16 14 15
14 17 15 16
15 18 16 17
16 19 17 18
17 20 18 19
18 21 19 20
19 22 20 21
20 23 21 22
21 24 22 23
22 25 23 24
23 26 24 25
24 27 25 26
25 28 26 27
26 29 27 28
27 30 28 29
1 7 3 5
2 8 4 6
3 9 5 7
4 10 6 8
5 11 7 9
6 12 8 10
7 13 9 11
8 14 10 12
9 15 11 13
10 16 12 14
11 17 13 15
12 18 14 16
13 19 15 17
14 20 16 18
15 21 17 19
16 22 18 20
17 23 19 21
18 24 20 22
19 25 21 23
20 26 22 24
21 27 23 25
22 28 24 26
23 29 25 27
24 30 26 28
1 10 4 7
2 11 5 8
3 12 6 9
4 13 7 10
5 14 8 11
6 15 9 12
7 16 10 13
8 17 11 14
9 18 12 15
10 19 13 16
11 20 14 17
12 21 15 18
13 22 16 19
14 23 17 20
15 24 18 21
16 25 19 22
17 26 20 23
18 27 21 24
19 28 22 25
20 29 23 26
21 30 24 27
1 13 5 9
2 14 6 10
3 15 7 11
4 16 8 12
5 17 9 13
6 18 10 14
7 19 11 15
8 20 12 16
9 21 13 17
10 22 14 18
11 23 15 19
12 24 16 20
13 25 17 21
14 26 18 22
15 27 19 23
16 28 20 24
17 29 21 25
18 30 22 26
1 16 6 11
2 17 7 12
3 18 8 13
4 19 9 14
5 20 10 15
6 21 11 16
7 22 12 17
8 23 13 18
9 24 14 19
10 25 15 20
11 26 16 21
12 27 17 22
13 28 18 23
14 29 19 24
15 30 20 25
1 19 7 13
2 20 8 14
3 21 9 15
4 22 10 16
5 23 11 17
6 24 12 18
7 25 13 19
8 26 14 20
9 27 15 21
10 28 16 22
11 29 17 23
12 30 18 24
1 22 8 15
2 23 9 16
3 24 10 17
4 25 11 18
5 26 12 19
6 27 13 20
7 28 14 21
8 29 15 22
9 30 16 23
1 25 9 17
2 26 10 18
3 27 11 19
4 28 12 20
5 29 13 21
6 30 14 22
1 28 10 19
2 29 11 20
3 30 12 21
1 2 3 4
1 2 4 5
1 2 5 6
1 2 6 7
1 2 7 8
1 2 8 9
1 2 9 10
1 2 10 11
1 2 11 12
1 2 12 13
2 3 4 5
2 3 5 6
2 3 6 7
2 3 7 8
2 3 8 9
2 3 9 10
2 3 10 11
2 3 11 12
2 3 12 13
2 3 13 14
3 4 5 6
3 4 6 7
3 4 7 8
3 4 8 9
3 4 9 10
3 4 10 11
3 4 11 12
3 4 12 13
3 4 13 14
3 4 14 15
4 5 6 7
4 5 7 8
4 5 8 9
4 5 9 10
4 5 10 11
4 5 11 12
4 5 12 13
4 5 13 14
4 5 14 15
4 5 15 16
5 6 7 8
5 6 8 9
5 6 9 10
5 6 10 11
5 6 11 12
5 6 12 13
5 6 13 14
5 6 14 15
5 6 15 16
5 6 16 17
6 7 8 9
6 7 9 10
6 7 10 11
6 7 11 12
6 7 12 13
6 7 13 14
6 7 14 15
6 7 15 16
6 7 16 17
6 7 17 18
7 8 9 10
7 8 10 11
7 8 11 12
7 8 12 13
7 8 13 14
7 8 14 15
7 8 15 16
7 8 16 17
7 8 17 18
7 8 18 19
8 9 10 11
8 9 11 12
8 9 12 13
8 9 13 14
8 9 14 15
8 9 15 16
8 9 16 17
8 9 17 18
8 9 18 19
8 9 19 20
9 10 11 12
9 10 12 13
9 10 13 14
9 10 14 15
9 10 15 16
9 10 16 17
9 10 17 18
9 10 18 19
9 10 19 20
9 10 20 21
10 11 12 13
10 11 13 14
10 11 14 15
10 11 15 16
10 11 16 17
10 11 17 18
10 11 18 19
10 11 19 20
10 11 20 21
10 11 21 22
11 12 13 14
11 12 14 15
11 12 15 16
11 12 16 17
11 12 17 18
11 12 18 19
11 12 19 20
11 12 20 21
11 12 21 22
11 12 22 23
12 13 14 15
12 13 15 16
12 13 16 17
12 13 17 18
12 13 18 19
12 13 19 20
12 13 20 21
12 13 21 22
12 13 22 23
12 13 23 24
13 14 15 16
13 14 16 17
13 14 17 18
13 14 18 19
13 14 19 20
13 14 20 21
13 14 21 22
13 14 22 23
13 14 23 24
13 14 24 25
14 15 16 17
14 15 17 18
14 15 18 19
14 15 19 20
14 15 20 21
14 15 21 22
14 15 22 23
14 15 23 24
14 15 24 25
14 15 25 26
15 16 17 18
15 16 18 19
15 16 19 20
15 16 20 21
15 16 21 22
15 16 22 23
15 16 23 24
15 16 24 25
15 16 25 26
15 16 26 27
16 17 18 19
16 17 19 20
16 17 20 21
16 17 21 22
16 17 22 23
16 17 23 24
16 17 24 25
16 17 25 26
16 17 26 27
16 17 27 28
17 18 19 20
17 18 20 21
17 18 21 22
17 18 22 23
17 18 23 24
17 18 24 25
17 18 25 26
17 18 26 27
17 18 27 28
17 18 28 29
18 19 20 21
18 19 21 22
18 19 22 23
18 19 23 24
18 19 24 25
18 19 25 26
18 19 26 27
18 19 27 28
18 19 28 29
18 19 29 30
19 20 21 22
19 20 22 23
19 20 23 24
19 20 24 25
19 20 25 26
19 20 26 27
19 20 27 28
19 20 28 29
19 20 29 30
20 21 22 23
20 21 23 24
20 21 24 25
20 21 25 26
20 21 26 27
20 21 27 28
20 21 28 29
20 21 29 30
21 22 23 24
21 22 24 25
21 22 25 26
21 22 26 27
21 22 27 28
21 22 28 29
21 22 29 30
22 23 24 25
22 23 25 26
22 23 26 27
22 23 27 28
22 23 28 29
22 23 29 30
23 24 25 26
23 24 26 27
23 24 27 28
23 24 28 29
23 24 29 30
24 25 26 27
24 25 27 28
24 25 28 29
24 25 29 30
25 26 27 28
25 26 28 29
25 26 29 30
26 27 28 29
26 27 29 30
27 28 29 30
1 2 13 14
1 2 14 15
1 2 15 16
1 2 16 17
1 2 17 18
1 2 18 19
1 2 19 20
1 2 20 21
1 2 21 22
1 2 22 23
2 3 14 15
2 3 15 16
2 3 16 17
2 3 17 18
2 3 18 19
2 3 19 20
2 3 20 21
2 3 21 22
2 3 22 23
2 3 23 24
3 4 15 16
3 4 16 17
3 4 17 18
3 4 18 19
3 4 19 20
3 4 20 21
3 4 21 22
3 4 22 23
3 4 23 24
3 4 24 25
4 5 16 17
4 5 17 18
4 5 18 19
4 5 19 20
4 5 20 21
4 5 21 22
4 5 22 23
4 5 23 24
4 5 24 25
4 5 25 26
5 6 17 18
5 6 18 19
5 6 19 20
5 6 20 21
5 6 21 22
5 6 22 23
5 6 23 24
5 6 24 25
5 6 25 26
5 6 26 27
6 7 18 19
6 7 19 20
6 7 20 21
6 7 21 22
6 7 22 23
6 7 23 24
6 7 24 25
6 7 25 26
6 7 26 27
6 7 27 28
7 8 19 20
7 8 20 21
7 8 21 22
7 8 22 23
7 8 23 24
7 8 24 25
7 8 25 26
7 8 26 27
7 8 27 28
7 8 28 29
8 9 20 21
8 9 21 22
8 9 22 23
8 9 23 24
8 9 24 25
8 9 25 26
8 9 26 27
8 9 27 28
8 9 28 29
8 9 29 30
9 10 21 22
9 10 22 23
9 10 23 24
9 10 24 25
9 10 25 26
9 10 26 27
9 10 27 28
9 10 28 29
9 10 29 30
10 11 22 23
10 11 23 24
10 11 24 25
10 11 25 26
10 11 26 27
10 11 27 28
10 11 28 29
10 11 29 30
11 12 23 24
11 12 24 25
11 12 25 26
11 12 26 27
11 12 27 28
11 12 28 29
11 12 29 30
12 13 24 25
12 13 25 26
12 13 26 27
12 13 27 28
12 13 28 29
12 13 29 30
13 14 25 26
13 14 26 27
13 14 27 28
13 14 28 29
13 14 29 30
14 15 26 27
14 15 27 28
14 15 28 29
14 15 29 30
15 16 27 28
15 16 28 29
15 16 29 30
16 17 28 29
16 17 29 30
17 18 29 30
1 2 23 24
1 2 24 25
1 2 25 26
1 2 26 27
1 2 27 28
1 2 28 29
1 2 29 30
2 3 24 25
2 3 25 26
2 3 26 27
2 3 27 28
2 3 28 29
2 3 29 30
3 4 25 26
3 4 26 27
3 4 27 28
3 4 28 29
3 4 29 30
4 5 26 27
4 5 27 28
4 5 28 29
4 5 29 30
5 6 27 28
5 6 28 29
5 6 29 30
6 7 28 29
6 7 29 30
7 8 29 30
1 3 5 7
1 3 7 9
1 3 9 11
1 3 11 13
1 3 13 15
1 3 15 17
1 3 17 19
1 3 19 21
1 3 21 23
1 3 23 25
2 4 6 8
2 4 8 10
2 4 10 12
2 4 12 14
2 4 14 16
2 4 16 18
2 4 18 20
2 4 20 22
2 4 22 24
2 4 24 26
3 5 7 9
3 5 9 11
3 5 11 13
3 5 13 15
3 5 15 17
3 5 17 19
3 5 19 21
3 5 21 23
3 5 23 25
3 5 25 27
4 6 8 10
4 6 10 12
4 6 12 14
4 6 14 16
4 6 16 18
4 6 18 20
4 6 20 22
4 6 22 24
4 6 24 26
4 6 26 28
5 7 9 11
5 7 11 13
5 7 13 15
5 7 15 17
5 7 17 19
5 7 19 21
5 7 21 23
5 7 23 25
5 7 25 27
5 7 27 29
6 8 10 12
6 8 12 14
6 8 14 16
6 8 16 18
6 8 18 20
6 8 20 22
6 8 22 24
6 8 24 26
6 8 26 28
6 8 28 30
7 9 11 13
7 9 13 15
7 9 15 17
7 9 17 19
7 9 19 21
7 9 21 23
7 9 23 25
7 9 25 27
7 9 27 29
8 10 12 14
8 10 14 16
8 10 16 18
8 10 18 20
8 10 20 22
8 10 22 24
8 10 24 26
8 10 26 28
8 10 28 30
9 11 13 15
9 11 15 17
9 11 17 19
9 11 19 21
9 11 21 23
9 11 23 25
9 11 25 27
9 11 27 29
10 12 14 16
10 12 16 18
10 12 18 20
10 12 20 22
10 12 22 24
10 12 24 26
10 12 26 28
10 12 28 30
11 13 15 17
11 13 17 19
11 13 19 21
11 13 21 23
11 13 23 25
11 13 25 27
11 13 27 29
12 14 16 18
12 14 18 20
12 14 20 22
12 14 22 24
12 14 24 26
12 14 26 28
12 14 28 30
13 15 17 19
13 15 19 21
13 15 21 23
13 15 23 25
13 15 25 27
13 15 27 29
14 16 18 20
14 16 20 22
14 16 22 24
14 16 24 26
14 16 26 28
14 16 28 30
15 17 19 21
15 17 21 23
15 17 23 25
15 17 25 27
15 17 27 29
16 18 20 22
16 18 22 24
16 18 24 26
16 18 26 28
16 18 28 30
17 19 21 23
17 19 23 25
17 19 25 27
17 19 27 29
18 20 22 24
18 20 24 26
18 20 26 28
18 20 28 30
19 21 23 25
19 21 25 27
19 21 27 29
20 22 24 26
20 22 26 28
20 22 28 30
21 23 25 27
21 23 27 29
22 24 26 28
22 24 28 30
23 25 27 29
24 26 28 30
1 3 25 27
1 3 27 29
2 4 26 28
2 4 28 30
3 5 27 29
4 6 28 30
1 4 7 10
1 4 10 13
1 4 13 16
1 4 16 19
1 4 19 22
1 4 22 25
1 4 25 28
2 5 8 11
2 5 11 14
2 5 14 17
2 5 17 20
2 5 20 23
2 5 23 26
2 5 26 29
3 6 9 12
3 6 12 15
3 6 15 18
3 6 18 21
3 6 21 24
3 6 24 27
3 6 27 30
4 7 10 13
4 7 13 16
4 7 16 19
4 7 19 22
4 7 22 25
4 7 25 28
5 8 11 14
5 8 14 17
5 8 17 20
5 8 20 23
5 8 23 26
5 8 26 29
6 9 12 15
6 9 15 18
6 9 18 21
6 9 21 24
6 9 24 27
6 9 27 30
7 10 13 16
7 10 16 19
7 10 19 22
7 10 22 25
7 10 25 28
8 11 14 17
8 11 17 20
8 11 20 23
8 11 23 26
8 11 26 29
9 12 15 18
9 12 18 21
9 12 21 24
9 12 24 27
9 12 27 30
10 13 16 19
10 13 19 22
10 13 22 25
10 13 25 28
11 14 17 20
11 14 20 23
11 14 23 26
11 14 26 29
12 15 18 21
12 15 21 24
12 15 24 27
12 15 27 30
13 16 19 22
13 16 22 25
13 16 25 28
14 17 20 23
14 17 23 26
14 17 26 29
15 18 21 24
15 18 24 27
15 18 27 30
16 19 22 25
16 19 25 28
17 20 23 26
17 20 26 29
18 21 24 27
18 21 27 30
19 22 25 28
20 23 26 29
21 24 27 30
1 5 9 13
1 5 13 17
1 5 17 21
1 5 21 25
1 5 25 29
2 6 10 14
2 6 14 18
2 6 18 22
2 6 22 26
2 6 26 30
3 7 11 15
3 7 15 19
3 7 19 23
3 7 23 27
4 8 12 16
4 8 16 20
4 8 20 24
4 8 24 28
5 9 13 17
5 9 17 21
5 9 21 25
5 9 25 29
6 10 14 18
6 10 18 22
6 10 22 26
6 10 26 30
7 11 15 19
7 11 19 23
7 11 23 27
8 12 16 20
8 12 20 24
8 12 24 28
9 13 17 21
9 13 21 25
9 13 25 29
10 14 18 22
10 14 22 26
10 14 26 30
11 15 19 23
11 15 23 27
12 16 20 24
12 16 24 28
13 17 21 25
13 17 25 29
14 18 22 26
14 18 26 30
15 19 23 27
16 20 24 28
17 21 25 29
18 22 26 30
1 6 11 16
1 6 16 21
1 6 21 26
2 7 12 17
2 7 17 22
2 7 22 27
3 8 13 18
3 8 18 23
3 8 23 28
4 9 14 19
4 9 19 24
4 9 24 29
5 10 15 20
5 10 20 25
5 10 25 30
6 11 16 21
6 11 21 26
7 12 17 22
7 12 22 27
8 13 18 23
8 13 23 28
9 14 19 24
9 14 24 29
10 15 20 25
10 15 25 30
11 16 21 26
12 17 22 27
13 18 23 28
14 19 24 29
15 20 25 30
1 7 13 19
1 7 19 25
2 8 14 20
2 8 20 26
3 9 15 21
3 9 21 27
4 10 16 22
4 10 22 28
5 11 17 23
5 11 23 29
6 12 18 24
6 12 24 30
7 13 19 25
8 14 20 26
9 15 21 27
10 16 22 28
11 17 23 29
12 18 24 30
1 8 15 22
1 8 22 29
2 9 16 23
2 9 23 30
3 10 17 24
4 11 18 25
5 12 19 26
6 13 20 27
7 14 21 28
8 15 22 29
9 16 23 30
1 9 17 25
2 10 18 26
3 11 19 27
4 12 20 28
5 13 21 29
6 14 22 30
1 10 19 28
2 11 20 29
3 12 21 30
