0 0.5 0 0.0010000000000000000208 0.75 5 2 13 0.9000000000000000222 0.010000000000000000208 0.0010000000000000000208 0.010000000000000000208 0.0010000000000000000208
0 0.5 0 0.0010000000000000000208 0.75 5 2 18 0.9000000000000000222 0.010000000000000000208 0.0010000000000000000208 0.010000000000000000208 0.0010000000000000000208
0 0.5 0 0.0010000000000000000208 0.94999999999999995559 8 2 20 0.9000000000000000222 0.010000000000000000208 0.0010000000000000000208 0 0
0 0.5 0 0.0010000000000000000208 0.94999999999999995559 5 2 20 0.9000000000000000222 0.010000000000000000208 0.0010000000000000000208 0 0
0 0.5 0.0010000000000000000208 0.0010000000000000000208 0.94999999999999995559 5 2 13 0.9000000000000000222 0.2000000000000000111 0.0010000000000000000208 0.010000000000000000208 0.0010000000000000000208
0 0.5 0 0.0010000000000000000208 0.94999999999999995559 5 2 13 0.9000000000000000222 0.2000000000000000111 0.0010000000000000000208 0 0
0 0.5 0.00010000000000000000479 0.0010000000000000000208 0.94999999999999995559 5 2 13 0.9000000000000000222 0.010000000000000000208 0.0010000000000000000208 0.010000000000000000208 0.0010000000000000000208
0 0.5 0.00050000000000000001041 0.0010000000000000000208 0.94999999999999995559 5 2 13 0.9000000000000000222 0.010000000000000000208 0.0010000000000000000208 0.010000000000000000208 0.0010000000000000000208
0 0.5 0.00050000000000000001041 0.0010000000000000000208 0.94999999999999995559 5 2 13 0.9000000000000000222 0 0 0 0
0 0.5 0 0.0010000000000000000208 0.75 5 2 20 0.9000000000000000222 0.010000000000000000208 0.0010000000000000000208 0 0
