# X Y Z
 1 0.00 0.00 0.00
 2 1.00 0.00 0.00
 3 2.00 0.00 0.00
 4 3.00 0.00 0.00
 5 4.00 0.00 0.00
 6 5.00 0.00 0.00
 7 6.00 0.00 0.00
 8 7.00 0.00 0.00
 9 8.00 0.00 0.00
10 9.00 0.00 0.00
11 10.00 0.00 0.00
12 11.00 0.00 0.00
13 12.00 0.00 0.00
14 13.00 0.00 0.00
15 14.00 0.00 0.00
16 15.00 0.00 0.00
17 16.00 0.00 0.00
18 17.00 0.00 0.00
# A B M N
   1    1    4    2    3
   2    2    5    3    4
   3    3    6    4    5
   4    4    7    5    6
   5    5    8    6    7
   6    6    9    7    8
   7    7   10    8    9
   8    8   11    9   10
   9    9   12   10   11
  10   10   13   11   12
  11   11   14   12   13
  12   12   15   13   14
  13   13   16   14   15
  14   14   17   15   16
  15   15   18   16   17
  16    1    7    3    5
  17    2    8    4    6
  18    3    9    5    7
  19    4   10    6    8
  20    5   11    7    9
  21    6   12    8   10
  22    7   13    9   11
  23    8   14   10   12
  24    9   15   11   13
  25   10   16   12   14
  26   11   17   13   15
  27   12   18   14   16
  28    1   10    4    7
  29    2   11    5    8
  30    3   12    6    9
  31    4   13    7   10
  32    5   14    8   11
  33    6   15    9   12
  34    7   16   10   13
  35    8   17   11   14
  36    9   18   12   15
  37    1   13    5    9
  38    2   14    6   10
  39    3   15    7   11
  40    4   16    8   12
  41    5   17    9   13
  42    6   18   10   14
  43    1   16    6   11
  44    2   17    7   12
  45    3   18    8   13
  46    1    2    3    4
  47    2    3    4    5
  48    3    4    5    6
  49    4    5    6    7
  50    5    6    7    8
  51    6    7    8    9
  52    7    8    9   10
  53    8    9   10   11
  54    9   10   11   12
  55   10   11   12   13
  56   11   12   13   14
  57   12   13   14   15
  58   13   14   15   16
  59   14   15   16   17
  60   15   16   17   18
  61    1    2    4    5
  62    2    3    5    6
  63    3    4    6    7
  64    4    5    7    8
  65    5    6    8    9
  66    6    7    9   10
  67    7    8   10   11
  68    8    9   11   12
  69    9   10   12   13
  70   10   11   13   14
  71   11   12   14   15
  72   12   13   15   16
  73   13   14   16   17
  74   14   15   17   18
  75    1    2    5    6
  76    2    3    6    7
  77    3    4    7    8
  78    4    5    8    9
  79    5    6    9   10
  80    6    7   10   11
  81    7    8   11   12
  82    8    9   12   13
  83    9   10   13   14
  84   10   11   14   15
  85   11   12   15   16
  86   12   13   16   17
  87   13   14   17   18
  88    1    2    6    7
  89    2    3    7    8
  90    3    4    8    9
  91    4    5    9   10
  92    5    6   10   11
  93    6    7   11   12
  94    7    8   12   13
  95    8    9   13   14
  96    9   10   14   15
  97   10   11   15   16
  98   11   12   16   17
  99   12   13   17   18
 100    1    2    7    8
 101    2    3    8    9
 102    3    4    9   10
 103    4    5   10   11
 104    5    6   11   12
 105    6    7   12   13
 106    7    8   13   14
 107    8    9   14   15
 108    9   10   15   16
 109   10   11   16   17
 110   11   12   17   18
 111    1    2    8    9
 112    2    3    9   10
 113    3    4   10   11
 114    4    5   11   12
 115    5    6   12   13
 116    6    7   13   14
 117    7    8   14   15
 118    8    9   15   16
 119    9   10   16   17
 120   10   11   17   18
 121    1    2    9   10
 122    2    3   10   11
 123    3    4   11   12
 124    4    5   12   13
 125    5    6   13   14
 126    6    7   14   15
 127    7    8   15   16
 128    8    9   16   17
 129    9   10   17   18
 130    1    2   10   11
 131    2    3   11   12
 132    3    4   12   13
 133    4    5   13   14
 134    5    6   14   15
 135    6    7   15   16
 136    7    8   16   17
 137    8    9   17   18
 138    1    2   11   12
 139    2    3   12   13
 140    3    4   13   14
 141    4    5   14   15
 142    5    6   15   16
 143    6    7   16   17
 144    7    8   17   18
 145    1    2   12   13
 146    2    3   13   14
 147    3    4   14   15
 148    4    5   15   16
 149    5    6   16   17
 150    6    7   17   18
 151    1    2   13   14
 152    2    3   14   15
 153    3    4   15   16
 154    4    5   16   17
 155    5    6   17   18
 156    1    2   14   15
 157    2    3   15   16
 158    3    4   16   17
 159    4    5   17   18
 160    1    2   15   16
 161    2    3   16   17
 162    3    4   17   18
 163    1    2   16   17
 164    2    3   17   18
 165    1    2   17   18
 166    1    3    5    7
 167    2    4    6    8
 168    3    5    7    9
 169    4    6    8   10
 170    5    7    9   11
 171    6    8   10   12
 172    7    9   11   13
 173    8   10   12   14
 174    9   11   13   15
 175   10   12   14   16
 176   11   13   15   17
 177   12   14   16   18
 178    1    3    7    9
 179    2    4    8   10
 180    3    5    9   11
 181    4    6   10   12
 182    5    7   11   13
 183    6    8   12   14
 184    7    9   13   15
 185    8   10   14   16
 186    9   11   15   17
 187   10   12   16   18
 188    1    3    9   11
 189    2    4   10   12
 190    3    5   11   13
 191    4    6   12   14
 192    5    7   13   15
 193    6    8   14   16
 194    7    9   15   17
 195    8   10   16   18
 196    1    3   11   13
 197    2    4   12   14
 198    3    5   13   15
 199    4    6   14   16
 200    5    7   15   17
 201    6    8   16   18
 202    1    3   13   15
 203    2    4   14   16
 204    3    5   15   17
 205    4    6   16   18
 206    1    3   15   17
 207    2    4   16   18
 208    1    4    7   10
 209    2    5    8   11
 210    3    6    9   12
 211    4    7   10   13
 212    5    8   11   14
 213    6    9   12   15
 214    7   10   13   16
 215    8   11   14   17
 216    9   12   15   18
 217    1    4   10   13
 218    2    5   11   14
 219    3    6   12   15
 220    4    7   13   16
 221    5    8   14   17
 222    6    9   15   18
 223    1    4   13   16
 224    2    5   14   17
 225    3    6   15   18
 226    1    5    9   13
 227    2    6   10   14
 228    3    7   11   15
 229    4    8   12   16
 230    5    9   13   17
 231    6   10   14   18
 232    1    5   13   17
 233    2    6   14   18
 234    1    6   11   16
 235    2    7   12   17
 236    3    8   13   18
