# X Y Z
 1 0.00 0.00 0.00
 2 1.00 0.00 0.00
 3 2.00 0.00 0.00
 4 3.00 0.00 0.00
 5 4.00 0.00 0.00
 6 5.00 0.00 0.00
 7 6.00 0.00 0.00
 8 7.00 0.00 0.00
 9 8.00 0.00 0.00
10 9.00 0.00 0.00
11 10.00 0.00 0.00
12 11.00 0.00 0.00
13 12.00 0.00 0.00
14 13.00 0.00 0.00
15 14.00 0.00 0.00
16 15.00 0.00 0.00
17 16.00 0.00 0.00
18 17.00 0.00 0.00
19 18.00 0.00 0.00
20 19.00 0.00 0.00
21 20.00 0.00 0.00
22 21.00 0.00 0.00
23 22.00 0.00 0.00
24 23.00 0.00 0.00
25 24.00 0.00 0.00
26 25.00 0.00 0.00
27 26.00 0.00 0.00
28 27.00 0.00 0.00
29 28.00 0.00 0.00
30 29.00 0.00 0.00
31 30.00 0.00 0.00
32 31.00 0.00 0.00
33 32.00 0.00 0.00
34 33.00 0.00 0.00
35 34.00 0.00 0.00
36 35.00 0.00 0.00
# A B M N
   1    1    2    3    4
   2    1    2    4    5
   3    1    2    5    6
   4    1    2    6    7
   5    1    2    7    8
   6    1    2    8    9
   7    1    2    9   10
   8    1    2   10   11
   9    1    2   11   12
  10    1    2   12   13
  11    1    2   13   14
  12    1    2   14   15
  13    1    2   15   16
  14    1    2   16   17
  15    1    2   17   18
  16    1    2   18   19
  17    1    2   19   20
  18    1    2   20   21
  19    1    2   21   22
  20    1    2   22   23
  21    1    2   23   24
  22    1    2   24   25
  23    1    2   25   26
  24    1    2   26   27
  25    1    2   27   28
  26    1    2   28   29
  27    1    2   29   30
  28    1    2   30   31
  29    1    2   31   32
  30    1    2   32   33
  31    1    2   33   34
  32    1    2   34   35
  33    1    2   35   36
  34    1    3    5    7
  35    1    3    7    9
  36    1    3    9   11
  37    1    3   11   13
  38    1    3   13   15
  39    1    3   15   17
  40    1    3   17   19
  41    1    3   19   21
  42    1    3   21   23
  43    1    3   23   25
  44    1    3   25   27
  45    1    3   27   29
  46    1    3   29   31
  47    1    3   31   33
  48    1    3   33   35
  49    1    4    2    3
  50    1    4    7   10
  51    1    4   10   13
  52    1    4   13   16
  53    1    4   16   19
  54    1    4   19   22
  55    1    4   22   25
  56    1    4   25   28
  57    1    4   28   31
  58    1    4   31   34
  59    1    4    2    3
  60    1    5    9   13
  61    1    5   13   17
  62    1    5   17   21
  63    1    5   21   25
  64    1    5   25   29
  65    1    5   29   33
  66    1    6   11   16
  67    1    6   16   21
  68    1    6   21   26
  69    1    6   26   31
  70    1    6   31   36
  71    1    6    3    4
  72    1    7    3    5
  73    1    7   13   19
  74    1    7   19   25
  75    1    7   25   31
  76    1    7    3    5
  77    1    8   15   22
  78    1    8   22   29
  79    1    8   29   36
  80    1    8    4    5
  81    1    9   17   25
  82    1    9   25   33
  83    1   10    4    7
  84    1   10   19   28
  85    1   10    5    6
  86    1   10    4    7
  87    1   11   21   31
  88    1   11    5    7
  89    1   12   23   34
  90    1   12    6    7
  91    1   13    5    9
  92    1   13    5    9
  93    1   14    7    8
  94    1   15    7    9
  95    1   16    6   11
  96    1   16    8    9
  97    1   16    7   10
  98    1   16    6   11
  99    1   18    9   10
 100    1   19    7   13
 101    1   19    9   11
 102    1   19    7   13
 103    1   20   10   11
 104    1   21    9   13
 105    1   22    8   15
 106    1   22   11   12
 107    1   22   10   13
 108    1   22    8   15
 109    1   23   11   13
 110    1   24   12   13
 111    1   25    9   17
 112    1   25    9   17
 113    1   26   13   14
 114    1   26   11   16
 115    1   27   13   15
 116    1   28   10   19
 117    1   28   14   15
 118    1   28   13   16
 119    1   28   10   19
 120    1   29   13   17
 121    1   30   15   16
 122    1   31   11   21
 123    1   31   15   17
 124    1   31   13   19
 125    1   31   11   21
 126    1   32   16   17
 127    1   34   12   23
 128    1   34   17   18
 129    1   34   16   19
 130    1   34   12   23
 131    1   35   17   19
 132    1   36   18   19
 133    1   36   16   21
 134    1   36   15   22
 135    2    3    4    5
 136    2    3    5    6
 137    2    3    6    7
 138    2    3    7    8
 139    2    3    8    9
 140    2    3    9   10
 141    2    3   10   11
 142    2    3   11   12
 143    2    3   12   13
 144    2    3   13   14
 145    2    3   14   15
 146    2    3   15   16
 147    2    3   16   17
 148    2    3   17   18
 149    2    3   18   19
 150    2    3   19   20
 151    2    3   20   21
 152    2    3   21   22
 153    2    3   22   23
 154    2    3   23   24
 155    2    3   24   25
 156    2    3   25   26
 157    2    3   26   27
 158    2    3   27   28
 159    2    3   28   29
 160    2    3   29   30
 161    2    3   30   31
 162    2    3   31   32
 163    2    3   32   33
 164    2    3   33   34
 165    2    3   34   35
 166    2    3   35   36
 167    2    4    6    8
 168    2    4    8   10
 169    2    4   10   12
 170    2    4   12   14
 171    2    4   14   16
 172    2    4   16   18
 173    2    4   18   20
 174    2    4   20   22
 175    2    4   22   24
 176    2    4   24   26
 177    2    4   26   28
 178    2    4   28   30
 179    2    4   30   32
 180    2    4   32   34
 181    2    4   34   36
 182    2    5    3    4
 183    2    5    8   11
 184    2    5   11   14
 185    2    5   14   17
 186    2    5   17   20
 187    2    5   20   23
 188    2    5   23   26
 189    2    5   26   29
 190    2    5   29   32
 191    2    5   32   35
 192    2    5    3    4
 193    2    6   10   14
 194    2    6   14   18
 195    2    6   18   22
 196    2    6   22   26
 197    2    6   26   30
 198    2    6   30   34
 199    2    7   12   17
 200    2    7   17   22
 201    2    7   22   27
 202    2    7   27   32
 203    2    7    4    5
 204    2    8    4    6
 205    2    8   14   20
 206    2    8   20   26
 207    2    8   26   32
 208    2    8    4    6
 209    2    9   16   23
 210    2    9   23   30
 211    2    9    5    6
 212    2   10   18   26
 213    2   10   26   34
 214    2   11    5    8
 215    2   11   20   29
 216    2   11    6    7
 217    2   11    5    8
 218    2   12   22   32
 219    2   12    6    8
 220    2   13   24   35
 221    2   13    7    8
 222    2   14    6   10
 223    2   14    6   10
 224    2   15    8    9
 225    2   16    8   10
 226    2   17    7   12
 227    2   17    9   10
 228    2   17    8   11
 229    2   17    7   12
 230    2   19   10   11
 231    2   20    8   14
 232    2   20   10   12
 233    2   20    8   14
 234    2   21   11   12
 235    2   22   10   14
 236    2   23    9   16
 237    2   23   12   13
 238    2   23   11   14
 239    2   23    9   16
 240    2   24   12   14
 241    2   25   13   14
 242    2   26   10   18
 243    2   26   10   18
 244    2   27   14   15
 245    2   27   12   17
 246    2   28   14   16
 247    2   29   11   20
 248    2   29   15   16
 249    2   29   14   17
 250    2   29   11   20
 251    2   30   14   18
 252    2   31   16   17
 253    2   32   12   22
 254    2   32   16   18
 255    2   32   14   20
 256    2   32   12   22
 257    2   33   17   18
 258    2   35   13   24
 259    2   35   18   19
 260    2   35   17   20
 261    2   35   13   24
 262    2   36   18   20
 263    3    4    5    6
 264    3    4    6    7
 265    3    4    7    8
 266    3    4    8    9
 267    3    4    9   10
 268    3    4   10   11
 269    3    4   11   12
 270    3    4   12   13
 271    3    4   13   14
 272    3    4   14   15
 273    3    4   15   16
 274    3    4   16   17
 275    3    4   17   18
 276    3    4   18   19
 277    3    4   19   20
 278    3    4   20   21
 279    3    4   21   22
 280    3    4   22   23
 281    3    4   23   24
 282    3    4   24   25
 283    3    4   25   26
 284    3    4   26   27
 285    3    4   27   28
 286    3    4   28   29
 287    3    4   29   30
 288    3    4   30   31
 289    3    4   31   32
 290    3    4   32   33
 291    3    4   33   34
 292    3    4   34   35
 293    3    4   35   36
 294    3    5    7    9
 295    3    5    9   11
 296    3    5   11   13
 297    3    5   13   15
 298    3    5   15   17
 299    3    5   17   19
 300    3    5   19   21
 301    3    5   21   23
 302    3    5   23   25
 303    3    5   25   27
 304    3    5   27   29
 305    3    5   29   31
 306    3    5   31   33
 307    3    5   33   35
 308    3    6    4    5
 309    3    6    9   12
 310    3    6   12   15
 311    3    6   15   18
 312    3    6   18   21
 313    3    6   21   24
 314    3    6   24   27
 315    3    6   27   30
 316    3    6   30   33
 317    3    6   33   36
 318    3    6    4    5
 319    3    7   11   15
 320    3    7   15   19
 321    3    7   19   23
 322    3    7   23   27
 323    3    7   27   31
 324    3    7   31   35
 325    3    8   13   18
 326    3    8   18   23
 327    3    8   23   28
 328    3    8   28   33
 329    3    8    5    6
 330    3    9    5    7
 331    3    9   15   21
 332    3    9   21   27
 333    3    9   27   33
 334    3    9    5    7
 335    3   10   17   24
 336    3   10   24   31
 337    3   10    6    7
 338    3   11   19   27
 339    3   11   27   35
 340    3   12    6    9
 341    3   12   21   30
 342    3   12    7    8
 343    3   12    6    9
 344    3   13   23   33
 345    3   13    7    9
 346    3   14   25   36
 347    3   14    8    9
 348    3   15    7   11
 349    3   15    7   11
 350    3   16    9   10
 351    3   17    9   11
 352    3   18    8   13
 353    3   18   10   11
 354    3   18    9   12
 355    3   18    8   13
 356    3   20   11   12
 357    3   21    9   15
 358    3   21   11   13
 359    3   21    9   15
 360    3   22   12   13
 361    3   23   11   15
 362    3   24   10   17
 363    3   24   13   14
 364    3   24   12   15
 365    3   24   10   17
 366    3   25   13   15
 367    3   26   14   15
 368    3   27   11   19
 369    3   27   11   19
 370    3   28   15   16
 371    3   28   13   18
 372    3   29   15   17
 373    3   30   12   21
 374    3   30   16   17
 375    3   30   15   18
 376    3   30   12   21
 377    3   31   15   19
 378    3   32   17   18
 379    3   33   13   23
 380    3   33   17   19
 381    3   33   15   21
 382    3   33   13   23
 383    3   34   18   19
 384    3   36   14   25
 385    3   36   19   20
 386    3   36   18   21
 387    3   36   14   25
 388    4    5    6    7
 389    4    5    7    8
 390    4    5    8    9
 391    4    5    9   10
 392    4    5   10   11
 393    4    5   11   12
 394    4    5   12   13
 395    4    5   13   14
 396    4    5   14   15
 397    4    5   15   16
 398    4    5   16   17
 399    4    5   17   18
 400    4    5   18   19
 401    4    5   19   20
 402    4    5   20   21
 403    4    5   21   22
 404    4    5   22   23
 405    4    5   23   24
 406    4    5   24   25
 407    4    5   25   26
 408    4    5   26   27
 409    4    5   27   28
 410    4    5   28   29
 411    4    5   29   30
 412    4    5   30   31
 413    4    5   31   32
 414    4    5   32   33
 415    4    5   33   34
 416    4    5   34   35
 417    4    5   35   36
 418    4    6    8   10
 419    4    6   10   12
 420    4    6   12   14
 421    4    6   14   16
 422    4    6   16   18
 423    4    6   18   20
 424    4    6   20   22
 425    4    6   22   24
 426    4    6   24   26
 427    4    6   26   28
 428    4    6   28   30
 429    4    6   30   32
 430    4    6   32   34
 431    4    6   34   36
 432    4    7    5    6
 433    4    7   10   13
 434    4    7   13   16
 435    4    7   16   19
 436    4    7   19   22
 437    4    7   22   25
 438    4    7   25   28
 439    4    7   28   31
 440    4    7   31   34
 441    4    7    5    6
 442    4    8   12   16
 443    4    8   16   20
 444    4    8   20   24
 445    4    8   24   28
 446    4    8   28   32
 447    4    8   32   36
 448    4    9   14   19
 449    4    9   19   24
 450    4    9   24   29
 451    4    9   29   34
 452    4    9    6    7
 453    4   10    6    8
 454    4   10   16   22
 455    4   10   22   28
 456    4   10   28   34
 457    4   10    6    8
 458    4   11   18   25
 459    4   11   25   32
 460    4   11    7    8
 461    4   12   20   28
 462    4   12   28   36
 463    4   13    7   10
 464    4   13   22   31
 465    4   13    8    9
 466    4   13    7   10
 467    4   14   24   34
 468    4   14    8   10
 469    4   15    9   10
 470    4   16    8   12
 471    4   16    8   12
 472    4   17   10   11
 473    4   18   10   12
 474    4   19    9   14
 475    4   19   11   12
 476    4   19   10   13
 477    4   19    9   14
 478    4   21   12   13
 479    4   22   10   16
 480    4   22   12   14
 481    4   22   10   16
 482    4   23   13   14
 483    4   24   12   16
 484    4   25   11   18
 485    4   25   14   15
 486    4   25   13   16
 487    4   25   11   18
 488    4   26   14   16
 489    4   27   15   16
 490    4   28   12   20
 491    4   28   12   20
 492    4   29   16   17
 493    4   29   14   19
 494    4   30   16   18
 495    4   31   13   22
 496    4   31   17   18
 497    4   31   16   19
 498    4   31   13   22
 499    4   32   16   20
 500    4   33   18   19
 501    4   34   14   24
 502    4   34   18   20
 503    4   34   16   22
 504    4   34   14   24
 505    4   35   19   20
 506    5    6    7    8
 507    5    6    8    9
 508    5    6    9   10
 509    5    6   10   11
 510    5    6   11   12
 511    5    6   12   13
 512    5    6   13   14
 513    5    6   14   15
 514    5    6   15   16
 515    5    6   16   17
 516    5    6   17   18
 517    5    6   18   19
 518    5    6   19   20
 519    5    6   20   21
 520    5    6   21   22
 521    5    6   22   23
 522    5    6   23   24
 523    5    6   24   25
 524    5    6   25   26
 525    5    6   26   27
 526    5    6   27   28
 527    5    6   28   29
 528    5    6   29   30
 529    5    6   30   31
 530    5    6   31   32
 531    5    6   32   33
 532    5    6   33   34
 533    5    6   34   35
 534    5    6   35   36
 535    5    7    9   11
 536    5    7   11   13
 537    5    7   13   15
 538    5    7   15   17
 539    5    7   17   19
 540    5    7   19   21
 541    5    7   21   23
 542    5    7   23   25
 543    5    7   25   27
 544    5    7   27   29
 545    5    7   29   31
 546    5    7   31   33
 547    5    7   33   35
 548    5    8    6    7
 549    5    8   11   14
 550    5    8   14   17
 551    5    8   17   20
 552    5    8   20   23
 553    5    8   23   26
 554    5    8   26   29
 555    5    8   29   32
 556    5    8   32   35
 557    5    8    6    7
 558    5    9   13   17
 559    5    9   17   21
 560    5    9   21   25
 561    5    9   25   29
 562    5    9   29   33
 563    5   10   15   20
 564    5   10   20   25
 565    5   10   25   30
 566    5   10   30   35
 567    5   10    7    8
 568    5   11    7    9
 569    5   11   17   23
 570    5   11   23   29
 571    5   11   29   35
 572    5   11    7    9
 573    5   12   19   26
 574    5   12   26   33
 575    5   12    8    9
 576    5   13   21   29
 577    5   14    8   11
 578    5   14   23   32
 579    5   14    9   10
 580    5   14    8   11
 581    5   15   25   35
 582    5   15    9   11
 583    5   16   10   11
 584    5   17    9   13
 585    5   17    9   13
 586    5   18   11   12
 587    5   19   11   13
 588    5   20   10   15
 589    5   20   12   13
 590    5   20   11   14
 591    5   20   10   15
 592    5   22   13   14
 593    5   23   11   17
 594    5   23   13   15
 595    5   23   11   17
 596    5   24   14   15
 597    5   25   13   17
 598    5   26   12   19
 599    5   26   15   16
 600    5   26   14   17
 601    5   26   12   19
 602    5   27   15   17
 603    5   28   16   17
 604    5   29   13   21
 605    5   29   13   21
 606    5   30   17   18
 607    5   30   15   20
 608    5   31   17   19
 609    5   32   14   23
 610    5   32   18   19
 611    5   32   17   20
 612    5   32   14   23
 613    5   33   17   21
 614    5   34   19   20
 615    5   35   15   25
 616    5   35   19   21
 617    5   35   17   23
 618    5   35   15   25
 619    5   36   20   21
 620    6    7    8    9
 621    6    7    9   10
 622    6    7   10   11
 623    6    7   11   12
 624    6    7   12   13
 625    6    7   13   14
 626    6    7   14   15
 627    6    7   15   16
 628    6    7   16   17
 629    6    7   17   18
 630    6    7   18   19
 631    6    7   19   20
 632    6    7   20   21
 633    6    7   21   22
 634    6    7   22   23
 635    6    7   23   24
 636    6    7   24   25
 637    6    7   25   26
 638    6    7   26   27
 639    6    7   27   28
 640    6    7   28   29
 641    6    7   29   30
 642    6    7   30   31
 643    6    7   31   32
 644    6    7   32   33
 645    6    7   33   34
 646    6    7   34   35
 647    6    7   35   36
 648    6    8   10   12
 649    6    8   12   14
 650    6    8   14   16
 651    6    8   16   18
 652    6    8   18   20
 653    6    8   20   22
 654    6    8   22   24
 655    6    8   24   26
 656    6    8   26   28
 657    6    8   28   30
 658    6    8   30   32
 659    6    8   32   34
 660    6    8   34   36
 661    6    9    7    8
 662    6    9   12   15
 663    6    9   15   18
 664    6    9   18   21
 665    6    9   21   24
 666    6    9   24   27
 667    6    9   27   30
 668    6    9   30   33
 669    6    9   33   36
 670    6    9    7    8
 671    6   10   14   18
 672    6   10   18   22
 673    6   10   22   26
 674    6   10   26   30
 675    6   10   30   34
 676    6   11   16   21
 677    6   11   21   26
 678    6   11   26   31
 679    6   11   31   36
 680    6   11    8    9
 681    6   12    8   10
 682    6   12   18   24
 683    6   12   24   30
 684    6   12   30   36
 685    6   12    8   10
 686    6   13   20   27
 687    6   13   27   34
 688    6   13    9   10
 689    6   14   22   30
 690    6   15    9   12
 691    6   15   24   33
 692    6   15   10   11
 693    6   15    9   12
 694    6   16   26   36
 695    6   16   10   12
 696    6   17   11   12
 697    6   18   10   14
 698    6   18   10   14
 699    6   19   12   13
 700    6   20   12   14
 701    6   21   11   16
 702    6   21   13   14
 703    6   21   12   15
 704    6   21   11   16
 705    6   23   14   15
 706    6   24   12   18
 707    6   24   14   16
 708    6   24   12   18
 709    6   25   15   16
 710    6   26   14   18
 711    6   27   13   20
 712    6   27   16   17
 713    6   27   15   18
 714    6   27   13   20
 715    6   28   16   18
 716    6   29   17   18
 717    6   30   14   22
 718    6   30   14   22
 719    6   31   18   19
 720    6   31   16   21
 721    6   32   18   20
 722    6   33   15   24
 723    6   33   19   20
 724    6   33   18   21
 725    6   33   15   24
 726    6   34   18   22
 727    6   35   20   21
 728    6   36   16   26
 729    6   36   20   22
 730    6   36   18   24
 731    6   36   16   26
 732    7    8    9   10
 733    7    8   10   11
 734    7    8   11   12
 735    7    8   12   13
 736    7    8   13   14
 737    7    8   14   15
 738    7    8   15   16
 739    7    8   16   17
 740    7    8   17   18
 741    7    8   18   19
 742    7    8   19   20
 743    7    8   20   21
 744    7    8   21   22
 745    7    8   22   23
 746    7    8   23   24
 747    7    8   24   25
 748    7    8   25   26
 749    7    8   26   27
 750    7    8   27   28
 751    7    8   28   29
 752    7    8   29   30
 753    7    8   30   31
 754    7    8   31   32
 755    7    8   32   33
 756    7    8   33   34
 757    7    8   34   35
 758    7    8   35   36
 759    7    9   11   13
 760    7    9   13   15
 761    7    9   15   17
 762    7    9   17   19
 763    7    9   19   21
 764    7    9   21   23
 765    7    9   23   25
 766    7    9   25   27
 767    7    9   27   29
 768    7    9   29   31
 769    7    9   31   33
 770    7    9   33   35
 771    7   10    8    9
 772    7   10   13   16
 773    7   10   16   19
 774    7   10   19   22
 775    7   10   22   25
 776    7   10   25   28
 777    7   10   28   31
 778    7   10   31   34
 779    7   10    8    9
 780    7   11   15   19
 781    7   11   19   23
 782    7   11   23   27
 783    7   11   27   31
 784    7   11   31   35
 785    7   12   17   22
 786    7   12   22   27
 787    7   12   27   32
 788    7   12    9   10
 789    7   13    9   11
 790    7   13   19   25
 791    7   13   25   31
 792    7   13    9   11
 793    7   14   21   28
 794    7   14   28   35
 795    7   14   10   11
 796    7   15   23   31
 797    7   16   10   13
 798    7   16   25   34
 799    7   16   11   12
 800    7   16   10   13
 801    7   17   11   13
 802    7   18   12   13
 803    7   19   11   15
 804    7   19   11   15
 805    7   20   13   14
 806    7   21   13   15
 807    7   22   12   17
 808    7   22   14   15
 809    7   22   13   16
 810    7   22   12   17
 811    7   24   15   16
 812    7   25   13   19
 813    7   25   15   17
 814    7   25   13   19
 815    7   26   16   17
 816    7   27   15   19
 817    7   28   14   21
 818    7   28   17   18
 819    7   28   16   19
 820    7   28   14   21
 821    7   29   17   19
 822    7   30   18   19
 823    7   31   15   23
 824    7   31   15   23
 825    7   32   19   20
 826    7   32   17   22
 827    7   33   19   21
 828    7   34   16   25
 829    7   34   20   21
 830    7   34   19   22
 831    7   34   16   25
 832    7   35   19   23
 833    7   36   21   22
 834    8    9   10   11
 835    8    9   11   12
 836    8    9   12   13
 837    8    9   13   14
 838    8    9   14   15
 839    8    9   15   16
 840    8    9   16   17
 841    8    9   17   18
 842    8    9   18   19
 843    8    9   19   20
 844    8    9   20   21
 845    8    9   21   22
 846    8    9   22   23
 847    8    9   23   24
 848    8    9   24   25
 849    8    9   25   26
 850    8    9   26   27
 851    8    9   27   28
 852    8    9   28   29
 853    8    9   29   30
 854    8    9   30   31
 855    8    9   31   32
 856    8    9   32   33
 857    8    9   33   34
 858    8    9   34   35
 859    8    9   35   36
 860    8   10   12   14
 861    8   10   14   16
 862    8   10   16   18
 863    8   10   18   20
 864    8   10   20   22
 865    8   10   22   24
 866    8   10   24   26
 867    8   10   26   28
 868    8   10   28   30
 869    8   10   30   32
 870    8   10   32   34
 871    8   10   34   36
 872    8   11    9   10
 873    8   11   14   17
 874    8   11   17   20
 875    8   11   20   23
 876    8   11   23   26
 877    8   11   26   29
 878    8   11   29   32
 879    8   11   32   35
 880    8   11    9   10
 881    8   12   16   20
 882    8   12   20   24
 883    8   12   24   28
 884    8   12   28   32
 885    8   12   32   36
 886    8   13   18   23
 887    8   13   23   28
 888    8   13   28   33
 889    8   13   10   11
 890    8   14   10   12
 891    8   14   20   26
 892    8   14   26   32
 893    8   14   10   12
 894    8   15   22   29
 895    8   15   29   36
 896    8   15   11   12
 897    8   16   24   32
 898    8   17   11   14
 899    8   17   26   35
 900    8   17   12   13
 901    8   17   11   14
 902    8   18   12   14
 903    8   19   13   14
 904    8   20   12   16
 905    8   20   12   16
 906    8   21   14   15
 907    8   22   14   16
 908    8   23   13   18
 909    8   23   15   16
 910    8   23   14   17
 911    8   23   13   18
 912    8   25   16   17
 913    8   26   14   20
 914    8   26   16   18
 915    8   26   14   20
 916    8   27   17   18
 917    8   28   16   20
 918    8   29   15   22
 919    8   29   18   19
 920    8   29   17   20
 921    8   29   15   22
 922    8   30   18   20
 923    8   31   19   20
 924    8   32   16   24
 925    8   32   16   24
 926    8   33   20   21
 927    8   33   18   23
 928    8   34   20   22
 929    8   35   17   26
 930    8   35   21   22
 931    8   35   20   23
 932    8   35   17   26
 933    8   36   20   24
 934    9   10   11   12
 935    9   10   12   13
 936    9   10   13   14
 937    9   10   14   15
 938    9   10   15   16
 939    9   10   16   17
 940    9   10   17   18
 941    9   10   18   19
 942    9   10   19   20
 943    9   10   20   21
 944    9   10   21   22
 945    9   10   22   23
 946    9   10   23   24
 947    9   10   24   25
 948    9   10   25   26
 949    9   10   26   27
 950    9   10   27   28
 951    9   10   28   29
 952    9   10   29   30
 953    9   10   30   31
 954    9   10   31   32
 955    9   10   32   33
 956    9   10   33   34
 957    9   10   34   35
 958    9   10   35   36
 959    9   11   13   15
 960    9   11   15   17
 961    9   11   17   19
 962    9   11   19   21
 963    9   11   21   23
 964    9   11   23   25
 965    9   11   25   27
 966    9   11   27   29
 967    9   11   29   31
 968    9   11   31   33
 969    9   11   33   35
 970    9   12   10   11
 971    9   12   15   18
 972    9   12   18   21
 973    9   12   21   24
 974    9   12   24   27
 975    9   12   27   30
 976    9   12   30   33
 977    9   12   33   36
 978    9   12   10   11
 979    9   13   17   21
 980    9   13   21   25
 981    9   13   25   29
 982    9   13   29   33
 983    9   14   19   24
 984    9   14   24   29
 985    9   14   29   34
 986    9   14   11   12
 987    9   15   11   13
 988    9   15   21   27
 989    9   15   27   33
 990    9   15   11   13
 991    9   16   23   30
 992    9   16   12   13
 993    9   17   25   33
 994    9   18   12   15
 995    9   18   27   36
 996    9   18   13   14
 997    9   18   12   15
 998    9   19   13   15
 999    9   20   14   15
1000    9   21   13   17
1001    9   21   13   17
1002    9   22   15   16
1003    9   23   15   17
1004    9   24   14   19
1005    9   24   16   17
1006    9   24   15   18
1007    9   24   14   19
1008    9   26   17   18
1009    9   27   15   21
1010    9   27   17   19
1011    9   27   15   21
1012    9   28   18   19
1013    9   29   17   21
1014    9   30   16   23
1015    9   30   19   20
1016    9   30   18   21
1017    9   30   16   23
1018    9   31   19   21
1019    9   32   20   21
1020    9   33   17   25
1021    9   33   17   25
1022    9   34   21   22
1023    9   34   19   24
1024    9   35   21   23
1025    9   36   18   27
1026    9   36   22   23
1027    9   36   21   24
1028    9   36   18   27
1029   10   11   12   13
1030   10   11   13   14
1031   10   11   14   15
1032   10   11   15   16
1033   10   11   16   17
1034   10   11   17   18
1035   10   11   18   19
1036   10   11   19   20
1037   10   11   20   21
1038   10   11   21   22
1039   10   11   22   23
1040   10   11   23   24
1041   10   11   24   25
1042   10   11   25   26
1043   10   11   26   27
1044   10   11   27   28
1045   10   11   28   29
1046   10   11   29   30
1047   10   11   30   31
1048   10   11   31   32
1049   10   11   32   33
1050   10   11   33   34
1051   10   11   34   35
1052   10   11   35   36
1053   10   12   14   16
1054   10   12   16   18
1055   10   12   18   20
1056   10   12   20   22
1057   10   12   22   24
1058   10   12   24   26
1059   10   12   26   28
1060   10   12   28   30
1061   10   12   30   32
1062   10   12   32   34
1063   10   12   34   36
1064   10   13   11   12
1065   10   13   16   19
1066   10   13   19   22
1067   10   13   22   25
1068   10   13   25   28
1069   10   13   28   31
1070   10   13   31   34
1071   10   13   11   12
1072   10   14   18   22
1073   10   14   22   26
1074   10   14   26   30
1075   10   14   30   34
1076   10   15   20   25
1077   10   15   25   30
1078   10   15   30   35
1079   10   15   12   13
1080   10   16   12   14
1081   10   16   22   28
1082   10   16   28   34
1083   10   16   12   14
1084   10   17   24   31
1085   10   17   13   14
1086   10   18   26   34
1087   10   19   13   16
1088   10   19   14   15
1089   10   19   13   16
1090   10   20   14   16
1091   10   21   15   16
1092   10   22   14   18
1093   10   22   14   18
1094   10   23   16   17
1095   10   24   16   18
1096   10   25   15   20
1097   10   25   17   18
1098   10   25   16   19
1099   10   25   15   20
1100   10   27   18   19
1101   10   28   16   22
1102   10   28   18   20
1103   10   28   16   22
1104   10   29   19   20
1105   10   30   18   22
1106   10   31   17   24
1107   10   31   20   21
1108   10   31   19   22
1109   10   31   17   24
1110   10   32   20   22
1111   10   33   21   22
1112   10   34   18   26
1113   10   34   18   26
1114   10   35   22   23
1115   10   35   20   25
1116   10   36   22   24
1117   11   12   13   14
1118   11   12   14   15
1119   11   12   15   16
1120   11   12   16   17
1121   11   12   17   18
1122   11   12   18   19
1123   11   12   19   20
1124   11   12   20   21
1125   11   12   21   22
1126   11   12   22   23
1127   11   12   23   24
1128   11   12   24   25
1129   11   12   25   26
1130   11   12   26   27
1131   11   12   27   28
1132   11   12   28   29
1133   11   12   29   30
1134   11   12   30   31
1135   11   12   31   32
1136   11   12   32   33
1137   11   12   33   34
1138   11   12   34   35
1139   11   12   35   36
1140   11   13   15   17
1141   11   13   17   19
1142   11   13   19   21
1143   11   13   21   23
1144   11   13   23   25
1145   11   13   25   27
1146   11   13   27   29
1147   11   13   29   31
1148   11   13   31   33
1149   11   13   33   35
1150   11   14   12   13
1151   11   14   17   20
1152   11   14   20   23
1153   11   14   23   26
1154   11   14   26   29
1155   11   14   29   32
1156   11   14   32   35
1157   11   14   12   13
1158   11   15   19   23
1159   11   15   23   27
1160   11   15   27   31
1161   11   15   31   35
1162   11   16   21   26
1163   11   16   26   31
1164   11   16   31   36
1165   11   16   13   14
1166   11   17   13   15
1167   11   17   23   29
1168   11   17   29   35
1169   11   17   13   15
1170   11   18   25   32
1171   11   18   14   15
1172   11   19   27   35
1173   11   20   14   17
1174   11   20   15   16
1175   11   20   14   17
1176   11   21   15   17
1177   11   22   16   17
1178   11   23   15   19
1179   11   23   15   19
1180   11   24   17   18
1181   11   25   17   19
1182   11   26   16   21
1183   11   26   18   19
1184   11   26   17   20
1185   11   26   16   21
1186   11   28   19   20
1187   11   29   17   23
1188   11   29   19   21
1189   11   29   17   23
1190   11   30   20   21
1191   11   31   19   23
1192   11   32   18   25
1193   11   32   21   22
1194   11   32   20   23
1195   11   32   18   25
1196   11   33   21   23
1197   11   34   22   23
1198   11   35   19   27
1199   11   35   19   27
1200   11   36   23   24
1201   11   36   21   26
1202   12   13   14   15
1203   12   13   15   16
1204   12   13   16   17
1205   12   13   17   18
1206   12   13   18   19
1207   12   13   19   20
1208   12   13   20   21
1209   12   13   21   22
1210   12   13   22   23
1211   12   13   23   24
1212   12   13   24   25
1213   12   13   25   26
1214   12   13   26   27
1215   12   13   27   28
1216   12   13   28   29
1217   12   13   29   30
1218   12   13   30   31
1219   12   13   31   32
1220   12   13   32   33
1221   12   13   33   34
1222   12   13   34   35
1223   12   13   35   36
1224   12   14   16   18
1225   12   14   18   20
1226   12   14   20   22
1227   12   14   22   24
1228   12   14   24   26
1229   12   14   26   28
1230   12   14   28   30
1231   12   14   30   32
1232   12   14   32   34
1233   12   14   34   36
1234   12   15   13   14
1235   12   15   18   21
1236   12   15   21   24
1237   12   15   24   27
1238   12   15   27   30
1239   12   15   30   33
1240   12   15   33   36
1241   12   15   13   14
1242   12   16   20   24
1243   12   16   24   28
1244   12   16   28   32
1245   12   16   32   36
1246   12   17   22   27
1247   12   17   27   32
1248   12   17   14   15
1249   12   18   14   16
1250   12   18   24   30
1251   12   18   30   36
1252   12   18   14   16
1253   12   19   26   33
1254   12   19   15   16
1255   12   20   28   36
1256   12   21   15   18
1257   12   21   16   17
1258   12   21   15   18
1259   12   22   16   18
1260   12   23   17   18
1261   12   24   16   20
1262   12   24   16   20
1263   12   25   18   19
1264   12   26   18   20
1265   12   27   17   22
1266   12   27   19   20
1267   12   27   18   21
1268   12   27   17   22
1269   12   29   20   21
1270   12   30   18   24
1271   12   30   20   22
1272   12   30   18   24
1273   12   31   21   22
1274   12   32   20   24
1275   12   33   19   26
1276   12   33   22   23
1277   12   33   21   24
1278   12   33   19   26
1279   12   34   22   24
1280   12   35   23   24
1281   12   36   20   28
1282   12   36   20   28
1283   13   14   15   16
1284   13   14   16   17
1285   13   14   17   18
1286   13   14   18   19
1287   13   14   19   20
1288   13   14   20   21
1289   13   14   21   22
1290   13   14   22   23
1291   13   14   23   24
1292   13   14   24   25
1293   13   14   25   26
1294   13   14   26   27
1295   13   14   27   28
1296   13   14   28   29
1297   13   14   29   30
1298   13   14   30   31
1299   13   14   31   32
1300   13   14   32   33
1301   13   14   33   34
1302   13   14   34   35
1303   13   14   35   36
1304   13   15   17   19
1305   13   15   19   21
1306   13   15   21   23
1307   13   15   23   25
1308   13   15   25   27
1309   13   15   27   29
1310   13   15   29   31
1311   13   15   31   33
1312   13   15   33   35
1313   13   16   14   15
1314   13   16   19   22
1315   13   16   22   25
1316   13   16   25   28
1317   13   16   28   31
1318   13   16   31   34
1319   13   16   14   15
1320   13   17   21   25
1321   13   17   25   29
1322   13   17   29   33
1323   13   18   23   28
1324   13   18   28   33
1325   13   18   15   16
1326   13   19   15   17
1327   13   19   25   31
1328   13   19   15   17
1329   13   20   27   34
1330   13   20   16   17
1331   13   22   16   19
1332   13   22   17   18
1333   13   22   16   19
1334   13   23   17   19
1335   13   24   18   19
1336   13   25   17   21
1337   13   25   17   21
1338   13   26   19   20
1339   13   27   19   21
1340   13   28   18   23
1341   13   28   20   21
1342   13   28   19   22
1343   13   28   18   23
1344   13   30   21   22
1345   13   31   19   25
1346   13   31   21   23
1347   13   31   19   25
1348   13   32   22   23
1349   13   33   21   25
1350   13   34   20   27
1351   13   34   23   24
1352   13   34   22   25
1353   13   34   20   27
1354   13   35   23   25
1355   13   36   24   25
1356   14   15   16   17
1357   14   15   17   18
1358   14   15   18   19
1359   14   15   19   20
1360   14   15   20   21
1361   14   15   21   22
1362   14   15   22   23
1363   14   15   23   24
1364   14   15   24   25
1365   14   15   25   26
1366   14   15   26   27
1367   14   15   27   28
1368   14   15   28   29
1369   14   15   29   30
1370   14   15   30   31
1371   14   15   31   32
1372   14   15   32   33
1373   14   15   33   34
1374   14   15   34   35
1375   14   15   35   36
1376   14   16   18   20
1377   14   16   20   22
1378   14   16   22   24
1379   14   16   24   26
1380   14   16   26   28
1381   14   16   28   30
1382   14   16   30   32
1383   14   16   32   34
1384   14   16   34   36
1385   14   17   15   16
1386   14   17   20   23
1387   14   17   23   26
1388   14   17   26   29
1389   14   17   29   32
1390   14   17   32   35
1391   14   17   15   16
1392   14   18   22   26
1393   14   18   26   30
1394   14   18   30   34
1395   14   19   24   29
1396   14   19   29   34
1397   14   19   16   17
1398   14   20   16   18
1399   14   20   26   32
1400   14   20   16   18
1401   14   21   28   35
1402   14   21   17   18
1403   14   23   17   20
1404   14   23   18   19
1405   14   23   17   20
1406   14   24   18   20
1407   14   25   19   20
1408   14   26   18   22
1409   14   26   18   22
1410   14   27   20   21
1411   14   28   20   22
1412   14   29   19   24
1413   14   29   21   22
1414   14   29   20   23
1415   14   29   19   24
1416   14   31   22   23
1417   14   32   20   26
1418   14   32   22   24
1419   14   32   20   26
1420   14   33   23   24
1421   14   34   22   26
1422   14   35   21   28
1423   14   35   24   25
1424   14   35   23   26
1425   14   35   21   28
1426   14   36   24   26
1427   15   16   17   18
1428   15   16   18   19
1429   15   16   19   20
1430   15   16   20   21
1431   15   16   21   22
1432   15   16   22   23
1433   15   16   23   24
1434   15   16   24   25
1435   15   16   25   26
1436   15   16   26   27
1437   15   16   27   28
1438   15   16   28   29
1439   15   16   29   30
1440   15   16   30   31
1441   15   16   31   32
1442   15   16   32   33
1443   15   16   33   34
1444   15   16   34   35
1445   15   16   35   36
1446   15   17   19   21
1447   15   17   21   23
1448   15   17   23   25
1449   15   17   25   27
1450   15   17   27   29
1451   15   17   29   31
1452   15   17   31   33
1453   15   17   33   35
1454   15   18   16   17
1455   15   18   21   24
1456   15   18   24   27
1457   15   18   27   30
1458   15   18   30   33
1459   15   18   33   36
1460   15   18   16   17
1461   15   19   23   27
1462   15   19   27   31
1463   15   19   31   35
1464   15   20   25   30
1465   15   20   30   35
1466   15   20   17   18
1467   15   21   17   19
1468   15   21   27   33
1469   15   21   17   19
1470   15   22   29   36
1471   15   22   18   19
1472   15   24   18   21
1473   15   24   19   20
1474   15   24   18   21
1475   15   25   19   21
1476   15   26   20   21
1477   15   27   19   23
1478   15   27   19   23
1479   15   28   21   22
1480   15   29   21   23
1481   15   30   20   25
1482   15   30   22   23
1483   15   30   21   24
1484   15   30   20   25
1485   15   32   23   24
1486   15   33   21   27
1487   15   33   23   25
1488   15   33   21   27
1489   15   34   24   25
1490   15   35   23   27
1491   15   36   22   29
1492   15   36   25   26
1493   15   36   24   27
1494   15   36   22   29
1495   16   17   18   19
1496   16   17   19   20
1497   16   17   20   21
1498   16   17   21   22
1499   16   17   22   23
1500   16   17   23   24
1501   16   17   24   25
1502   16   17   25   26
1503   16   17   26   27
1504   16   17   27   28
1505   16   17   28   29
1506   16   17   29   30
1507   16   17   30   31
1508   16   17   31   32
1509   16   17   32   33
1510   16   17   33   34
1511   16   17   34   35
1512   16   17   35   36
1513   16   18   20   22
1514   16   18   22   24
1515   16   18   24   26
1516   16   18   26   28
1517   16   18   28   30
1518   16   18   30   32
1519   16   18   32   34
1520   16   18   34   36
1521   16   19   17   18
1522   16   19   22   25
1523   16   19   25   28
1524   16   19   28   31
1525   16   19   31   34
1526   16   19   17   18
1527   16   20   24   28
1528   16   20   28   32
1529   16   20   32   36
1530   16   21   26   31
1531   16   21   31   36
1532   16   21   18   19
1533   16   22   18   20
1534   16   22   28   34
1535   16   22   18   20
1536   16   23   19   20
1537   16   25   19   22
1538   16   25   20   21
1539   16   25   19   22
1540   16   26   20   22
1541   16   27   21   22
1542   16   28   20   24
1543   16   28   20   24
1544   16   29   22   23
1545   16   30   22   24
1546   16   31   21   26
1547   16   31   23   24
1548   16   31   22   25
1549   16   31   21   26
1550   16   33   24   25
1551   16   34   22   28
1552   16   34   24   26
1553   16   34   22   28
1554   16   35   25   26
1555   16   36   24   28
1556   17   18   19   20
1557   17   18   20   21
1558   17   18   21   22
1559   17   18   22   23
1560   17   18   23   24
1561   17   18   24   25
1562   17   18   25   26
1563   17   18   26   27
1564   17   18   27   28
1565   17   18   28   29
1566   17   18   29   30
1567   17   18   30   31
1568   17   18   31   32
1569   17   18   32   33
1570   17   18   33   34
1571   17   18   34   35
1572   17   18   35   36
1573   17   19   21   23
1574   17   19   23   25
1575   17   19   25   27
1576   17   19   27   29
1577   17   19   29   31
1578   17   19   31   33
1579   17   19   33   35
1580   17   20   18   19
1581   17   20   23   26
1582   17   20   26   29
1583   17   20   29   32
1584   17   20   32   35
1585   17   20   18   19
1586   17   21   25   29
1587   17   21   29   33
1588   17   22   27   32
1589   17   22   19   20
1590   17   23   19   21
1591   17   23   29   35
1592   17   23   19   21
1593   17   24   20   21
1594   17   26   20   23
1595   17   26   21   22
1596   17   26   20   23
1597   17   27   21   23
1598   17   28   22   23
1599   17   29   21   25
1600   17   29   21   25
1601   17   30   23   24
1602   17   31   23   25
1603   17   32   22   27
1604   17   32   24   25
1605   17   32   23   26
1606   17   32   22   27
1607   17   34   25   26
1608   17   35   23   29
1609   17   35   25   27
1610   17   35   23   29
1611   17   36   26   27
1612   18   19   20   21
1613   18   19   21   22
1614   18   19   22   23
1615   18   19   23   24
1616   18   19   24   25
1617   18   19   25   26
1618   18   19   26   27
1619   18   19   27   28
1620   18   19   28   29
1621   18   19   29   30
1622   18   19   30   31
1623   18   19   31   32
1624   18   19   32   33
1625   18   19   33   34
1626   18   19   34   35
1627   18   19   35   36
1628   18   20   22   24
1629   18   20   24   26
1630   18   20   26   28
1631   18   20   28   30
1632   18   20   30   32
1633   18   20   32   34
1634   18   20   34   36
1635   18   21   19   20
1636   18   21   24   27
1637   18   21   27   30
1638   18   21   30   33
1639   18   21   33   36
1640   18   21   19   20
1641   18   22   26   30
1642   18   22   30   34
1643   18   23   28   33
1644   18   23   20   21
1645   18   24   20   22
1646   18   24   30   36
1647   18   24   20   22
1648   18   25   21   22
1649   18   27   21   24
1650   18   27   22   23
1651   18   27   21   24
1652   18   28   22   24
1653   18   29   23   24
1654   18   30   22   26
1655   18   30   22   26
1656   18   31   24   25
1657   18   32   24   26
1658   18   33   23   28
1659   18   33   25   26
1660   18   33   24   27
1661   18   33   23   28
1662   18   35   26   27
1663   18   36   24   30
1664   18   36   26   28
1665   18   36   24   30
1666   19   20   21   22
1667   19   20   22   23
1668   19   20   23   24
1669   19   20   24   25
1670   19   20   25   26
1671   19   20   26   27
1672   19   20   27   28
1673   19   20   28   29
1674   19   20   29   30
1675   19   20   30   31
1676   19   20   31   32
1677   19   20   32   33
1678   19   20   33   34
1679   19   20   34   35
1680   19   20   35   36
1681   19   21   23   25
1682   19   21   25   27
1683   19   21   27   29
1684   19   21   29   31
1685   19   21   31   33
1686   19   21   33   35
1687   19   22   20   21
1688   19   22   25   28
1689   19   22   28   31
1690   19   22   31   34
1691   19   22   20   21
1692   19   23   27   31
1693   19   23   31   35
1694   19   24   29   34
1695   19   24   21   22
1696   19   25   21   23
1697   19   25   21   23
1698   19   26   22   23
1699   19   28   22   25
1700   19   28   23   24
1701   19   28   22   25
1702   19   29   23   25
1703   19   30   24   25
1704   19   31   23   27
1705   19   31   23   27
1706   19   32   25   26
1707   19   33   25   27
1708   19   34   24   29
1709   19   34   26   27
1710   19   34   25   28
1711   19   34   24   29
1712   19   36   27   28
1713   20   21   22   23
1714   20   21   23   24
1715   20   21   24   25
1716   20   21   25   26
1717   20   21   26   27
1718   20   21   27   28
1719   20   21   28   29
1720   20   21   29   30
1721   20   21   30   31
1722   20   21   31   32
1723   20   21   32   33
1724   20   21   33   34
1725   20   21   34   35
1726   20   21   35   36
1727   20   22   24   26
1728   20   22   26   28
1729   20   22   28   30
1730   20   22   30   32
1731   20   22   32   34
1732   20   22   34   36
1733   20   23   21   22
1734   20   23   26   29
1735   20   23   29   32
1736   20   23   32   35
1737   20   23   21   22
1738   20   24   28   32
1739   20   24   32   36
1740   20   25   30   35
1741   20   25   22   23
1742   20   26   22   24
1743   20   26   22   24
1744   20   27   23   24
1745   20   29   23   26
1746   20   29   24   25
1747   20   29   23   26
1748   20   30   24   26
1749   20   31   25   26
1750   20   32   24   28
1751   20   32   24   28
1752   20   33   26   27
1753   20   34   26   28
1754   20   35   25   30
1755   20   35   27   28
1756   20   35   26   29
1757   20   35   25   30
1758   21   22   23   24
1759   21   22   24   25
1760   21   22   25   26
1761   21   22   26   27
1762   21   22   27   28
1763   21   22   28   29
1764   21   22   29   30
1765   21   22   30   31
1766   21   22   31   32
1767   21   22   32   33
1768   21   22   33   34
1769   21   22   34   35
1770   21   22   35   36
1771   21   23   25   27
1772   21   23   27   29
1773   21   23   29   31
1774   21   23   31   33
1775   21   23   33   35
1776   21   24   22   23
1777   21   24   27   30
1778   21   24   30   33
1779   21   24   33   36
1780   21   24   22   23
1781   21   25   29   33
1782   21   26   31   36
1783   21   26   23   24
1784   21   27   23   25
1785   21   27   23   25
1786   21   28   24   25
1787   21   30   24   27
1788   21   30   25   26
1789   21   30   24   27
1790   21   31   25   27
1791   21   32   26   27
1792   21   33   25   29
1793   21   33   25   29
1794   21   34   27   28
1795   21   35   27   29
1796   21   36   26   31
1797   21   36   28   29
1798   21   36   27   30
1799   21   36   26   31
1800   22   23   24   25
1801   22   23   25   26
1802   22   23   26   27
1803   22   23   27   28
1804   22   23   28   29
1805   22   23   29   30
1806   22   23   30   31
1807   22   23   31   32
1808   22   23   32   33
1809   22   23   33   34
1810   22   23   34   35
1811   22   23   35   36
1812   22   24   26   28
1813   22   24   28   30
1814   22   24   30   32
1815   22   24   32   34
1816   22   24   34   36
1817   22   25   23   24
1818   22   25   28   31
1819   22   25   31   34
1820   22   25   23   24
1821   22   26   30   34
1822   22   27   24   25
1823   22   28   24   26
1824   22   28   24   26
1825   22   29   25   26
1826   22   31   25   28
1827   22   31   26   27
1828   22   31   25   28
1829   22   32   26   28
1830   22   33   27   28
1831   22   34   26   30
1832   22   34   26   30
1833   22   35   28   29
1834   22   36   28   30
1835   23   24   25   26
1836   23   24   26   27
1837   23   24   27   28
1838   23   24   28   29
1839   23   24   29   30
1840   23   24   30   31
1841   23   24   31   32
1842   23   24   32   33
1843   23   24   33   34
1844   23   24   34   35
1845   23   24   35   36
1846   23   25   27   29
1847   23   25   29   31
1848   23   25   31   33
1849   23   25   33   35
1850   23   26   24   25
1851   23   26   29   32
1852   23   26   32   35
1853   23   26   24   25
1854   23   27   31   35
1855   23   28   25   26
1856   23   29   25   27
1857   23   29   25   27
1858   23   30   26   27
1859   23   32   26   29
1860   23   32   27   28
1861   23   32   26   29
1862   23   33   27   29
1863   23   34   28   29
1864   23   35   27   31
1865   23   35   27   31
1866   23   36   29   30
1867   24   25   26   27
1868   24   25   27   28
1869   24   25   28   29
1870   24   25   29   30
1871   24   25   30   31
1872   24   25   31   32
1873   24   25   32   33
1874   24   25   33   34
1875   24   25   34   35
1876   24   25   35   36
1877   24   26   28   30
1878   24   26   30   32
1879   24   26   32   34
1880   24   26   34   36
1881   24   27   25   26
1882   24   27   30   33
1883   24   27   33   36
1884   24   27   25   26
1885   24   28   32   36
1886   24   29   26   27
1887   24   30   26   28
1888   24   30   26   28
1889   24   31   27   28
1890   24   33   27   30
1891   24   33   28   29
1892   24   33   27   30
1893   24   34   28   30
1894   24   35   29   30
1895   24   36   28   32
1896   24   36   28   32
1897   25   26   27   28
1898   25   26   28   29
1899   25   26   29   30
1900   25   26   30   31
1901   25   26   31   32
1902   25   26   32   33
1903   25   26   33   34
1904   25   26   34   35
1905   25   26   35   36
1906   25   27   29   31
1907   25   27   31   33
1908   25   27   33   35
1909   25   28   26   27
1910   25   28   31   34
1911   25   28   26   27
1912   25   30   27   28
1913   25   31   27   29
1914   25   31   27   29
1915   25   32   28   29
1916   25   34   28   31
1917   25   34   29   30
1918   25   34   28   31
1919   25   35   29   31
1920   25   36   30   31
1921   26   27   28   29
1922   26   27   29   30
1923   26   27   30   31
1924   26   27   31   32
1925   26   27   32   33
1926   26   27   33   34
1927   26   27   34   35
1928   26   27   35   36
1929   26   28   30   32
1930   26   28   32   34
1931   26   28   34   36
1932   26   29   27   28
1933   26   29   32   35
1934   26   29   27   28
1935   26   31   28   29
1936   26   32   28   30
1937   26   32   28   30
1938   26   33   29   30
1939   26   35   29   32
1940   26   35   30   31
1941   26   35   29   32
1942   26   36   30   32
1943   27   28   29   30
1944   27   28   30   31
1945   27   28   31   32
1946   27   28   32   33
1947   27   28   33   34
1948   27   28   34   35
1949   27   28   35   36
1950   27   29   31   33
1951   27   29   33   35
1952   27   30   28   29
1953   27   30   33   36
1954   27   30   28   29
1955   27   32   29   30
1956   27   33   29   31
1957   27   33   29   31
1958   27   34   30   31
1959   27   36   30   33
1960   27   36   31   32
1961   27   36   30   33
1962   28   29   30   31
1963   28   29   31   32
1964   28   29   32   33
1965   28   29   33   34
1966   28   29   34   35
1967   28   29   35   36
1968   28   30   32   34
1969   28   30   34   36
1970   28   31   29   30
1971   28   31   29   30
1972   28   33   30   31
1973   28   34   30   32
1974   28   34   30   32
1975   28   35   31   32
1976   29   30   31   32
1977   29   30   32   33
1978   29   30   33   34
1979   29   30   34   35
1980   29   30   35   36
1981   29   31   33   35
1982   29   32   30   31
1983   29   32   30   31
1984   29   34   31   32
1985   29   35   31   33
1986   29   35   31   33
1987   29   36   32   33
1988   30   31   32   33
1989   30   31   33   34
1990   30   31   34   35
1991   30   31   35   36
1992   30   32   34   36
1993   30   33   31   32
1994   30   33   31   32
1995   30   35   32   33
1996   30   36   32   34
1997   30   36   32   34
1998   31   32   33   34
1999   31   32   34   35
2000   31   32   35   36
2001   31   34   32   33
2002   31   34   32   33
2003   31   36   33   34
2004   32   33   34   35
2005   32   33   35   36
2006   32   35   33   34
2007   32   35   33   34
2008   33   34   35   36
2009   33   36   34   35
2010   33   36   34   35
