# X Y Z
 1 0.00 0.00 0.00
 2 1.00 0.00 0.00
 3 2.00 0.00 0.00
 4 3.00 0.00 0.00
 5 4.00 0.00 0.00
 6 5.00 0.00 0.00
 7 6.00 0.00 0.00
 8 7.00 0.00 0.00
 9 8.00 0.00 0.00
10 9.00 0.00 0.00
11 10.00 0.00 0.00
12 11.00 0.00 0.00
13 12.00 0.00 0.00
14 13.00 0.00 0.00
15 14.00 0.00 0.00
16 15.00 0.00 0.00
17 16.00 0.00 0.00
18 17.00 0.00 0.00
19 18.00 0.00 0.00
20 19.00 0.00 0.00
21 20.00 0.00 0.00
22 21.00 0.00 0.00
23 22.00 0.00 0.00
24 23.00 0.00 0.00
25 24.00 0.00 0.00
26 25.00 0.00 0.00
27 26.00 0.00 0.00
28 27.00 0.00 0.00
29 28.00 0.00 0.00
30 29.00 0.00 0.00
31 30.00 0.00 0.00
32 31.00 0.00 0.00
33 32.00 0.00 0.00
34 33.00 0.00 0.00
35 34.00 0.00 0.00
36 35.00 0.00 0.00
# A B M N
   1    1    2    3    4
   2    1    2    4    5
   3    1    2    5    6
   4    1    2    6    7
   5    1    2    7    8
   6    1    2    8    9
   7    1    2    9   10
   8    1    2   10   11
   9    1    2   11   12
  10    1    2   12   13
  11    1    2   13   14
  12    1    2   14   15
  13    1    2   15   16
  14    1    2   16   17
  15    1    2   17   18
  16    1    2   18   19
  17    1    2   19   20
  18    1    2   20   21
  19    1    2   21   22
  20    1    2   22   23
  21    1    2   23   24
  22    1    2   24   25
  23    1    2   25   26
  24    1    2   26   27
  25    1    2   27   28
  26    1    2   28   29
  27    1    2   29   30
  28    1    2   30   31
  29    1    2   31   32
  30    1    2   32   33
  31    1    2   33   34
  32    1    2   34   35
  33    1    2   35   36
  34    1    3    5    7
  35    1    3    7    9
  36    1    3    9   11
  37    1    3   11   13
  38    1    3   13   15
  39    1    3   15   17
  40    1    3   17   19
  41    1    3   19   21
  42    1    3   21   23
  43    1    3   23   25
  44    1    3   25   27
  45    1    3   27   29
  46    1    3   29   31
  47    1    3   31   33
  48    1    3   33   35
  49    1    4    2    3
  50    1    4    7   10
  51    1    4   10   13
  52    1    4   13   16
  53    1    4   16   19
  54    1    4   19   22
  55    1    4   22   25
  56    1    4   25   28
  57    1    4   28   31
  58    1    4   31   34
  59    1    5    9   13
  60    1    5   13   17
  61    1    5   17   21
  62    1    5   21   25
  63    1    5   25   29
  64    1    5   29   33
  65    1    6   11   16
  66    1    6   16   21
  67    1    6   21   26
  68    1    6   26   31
  69    1    6   31   36
  70    1    7    3    5
  71    1    7   13   19
  72    1    7   19   25
  73    1    7   25   31
  74    1    8   15   22
  75    1    8   22   29
  76    1    8   29   36
  77    1    9   17   25
  78    1    9   25   33
  79    1   10    4    7
  80    1   10   19   28
  81    1   11   21   31
  82    1   12   23   34
  83    1   13    5    9
  84    1   16    6   11
  85    1   19    7   13
  86    1   22    8   15
  87    1   25    9   17
  88    1   28   10   19
  89    1   31   11   21
  90    1   34   12   23
  91    2    3    4    5
  92    2    3    5    6
  93    2    3    6    7
  94    2    3    7    8
  95    2    3    8    9
  96    2    3    9   10
  97    2    3   10   11
  98    2    3   11   12
  99    2    3   12   13
 100    2    3   13   14
 101    2    3   14   15
 102    2    3   15   16
 103    2    3   16   17
 104    2    3   17   18
 105    2    3   18   19
 106    2    3   19   20
 107    2    3   20   21
 108    2    3   21   22
 109    2    3   22   23
 110    2    3   23   24
 111    2    3   24   25
 112    2    3   25   26
 113    2    3   26   27
 114    2    3   27   28
 115    2    3   28   29
 116    2    3   29   30
 117    2    3   30   31
 118    2    3   31   32
 119    2    3   32   33
 120    2    3   33   34
 121    2    3   34   35
 122    2    3   35   36
 123    2    4    6    8
 124    2    4    8   10
 125    2    4   10   12
 126    2    4   12   14
 127    2    4   14   16
 128    2    4   16   18
 129    2    4   18   20
 130    2    4   20   22
 131    2    4   22   24
 132    2    4   24   26
 133    2    4   26   28
 134    2    4   28   30
 135    2    4   30   32
 136    2    4   32   34
 137    2    4   34   36
 138    2    5    3    4
 139    2    5    8   11
 140    2    5   11   14
 141    2    5   14   17
 142    2    5   17   20
 143    2    5   20   23
 144    2    5   23   26
 145    2    5   26   29
 146    2    5   29   32
 147    2    5   32   35
 148    2    6   10   14
 149    2    6   14   18
 150    2    6   18   22
 151    2    6   22   26
 152    2    6   26   30
 153    2    6   30   34
 154    2    7   12   17
 155    2    7   17   22
 156    2    7   22   27
 157    2    7   27   32
 158    2    8    4    6
 159    2    8   14   20
 160    2    8   20   26
 161    2    8   26   32
 162    2    9   16   23
 163    2    9   23   30
 164    2   10   18   26
 165    2   10   26   34
 166    2   11    5    8
 167    2   11   20   29
 168    2   12   22   32
 169    2   13   24   35
 170    2   14    6   10
 171    2   17    7   12
 172    2   20    8   14
 173    2   23    9   16
 174    2   26   10   18
 175    2   29   11   20
 176    2   32   12   22
 177    2   35   13   24
 178    3    4    5    6
 179    3    4    6    7
 180    3    4    7    8
 181    3    4    8    9
 182    3    4    9   10
 183    3    4   10   11
 184    3    4   11   12
 185    3    4   12   13
 186    3    4   13   14
 187    3    4   14   15
 188    3    4   15   16
 189    3    4   16   17
 190    3    4   17   18
 191    3    4   18   19
 192    3    4   19   20
 193    3    4   20   21
 194    3    4   21   22
 195    3    4   22   23
 196    3    4   23   24
 197    3    4   24   25
 198    3    4   25   26
 199    3    4   26   27
 200    3    4   27   28
 201    3    4   28   29
 202    3    4   29   30
 203    3    4   30   31
 204    3    4   31   32
 205    3    4   32   33
 206    3    4   33   34
 207    3    4   34   35
 208    3    4   35   36
 209    3    5    7    9
 210    3    5    9   11
 211    3    5   11   13
 212    3    5   13   15
 213    3    5   15   17
 214    3    5   17   19
 215    3    5   19   21
 216    3    5   21   23
 217    3    5   23   25
 218    3    5   25   27
 219    3    5   27   29
 220    3    5   29   31
 221    3    5   31   33
 222    3    5   33   35
 223    3    6    4    5
 224    3    6    9   12
 225    3    6   12   15
 226    3    6   15   18
 227    3    6   18   21
 228    3    6   21   24
 229    3    6   24   27
 230    3    6   27   30
 231    3    6   30   33
 232    3    6   33   36
 233    3    7   11   15
 234    3    7   15   19
 235    3    7   19   23
 236    3    7   23   27
 237    3    7   27   31
 238    3    7   31   35
 239    3    8   13   18
 240    3    8   18   23
 241    3    8   23   28
 242    3    8   28   33
 243    3    9    5    7
 244    3    9   15   21
 245    3    9   21   27
 246    3    9   27   33
 247    3   10   17   24
 248    3   10   24   31
 249    3   11   19   27
 250    3   11   27   35
 251    3   12    6    9
 252    3   12   21   30
 253    3   13   23   33
 254    3   14   25   36
 255    3   15    7   11
 256    3   18    8   13
 257    3   21    9   15
 258    3   24   10   17
 259    3   27   11   19
 260    3   30   12   21
 261    3   33   13   23
 262    3   36   14   25
 263    4    5    6    7
 264    4    5    7    8
 265    4    5    8    9
 266    4    5    9   10
 267    4    5   10   11
 268    4    5   11   12
 269    4    5   12   13
 270    4    5   13   14
 271    4    5   14   15
 272    4    5   15   16
 273    4    5   16   17
 274    4    5   17   18
 275    4    5   18   19
 276    4    5   19   20
 277    4    5   20   21
 278    4    5   21   22
 279    4    5   22   23
 280    4    5   23   24
 281    4    5   24   25
 282    4    5   25   26
 283    4    5   26   27
 284    4    5   27   28
 285    4    5   28   29
 286    4    5   29   30
 287    4    5   30   31
 288    4    5   31   32
 289    4    5   32   33
 290    4    5   33   34
 291    4    5   34   35
 292    4    5   35   36
 293    4    6    8   10
 294    4    6   10   12
 295    4    6   12   14
 296    4    6   14   16
 297    4    6   16   18
 298    4    6   18   20
 299    4    6   20   22
 300    4    6   22   24
 301    4    6   24   26
 302    4    6   26   28
 303    4    6   28   30
 304    4    6   30   32
 305    4    6   32   34
 306    4    6   34   36
 307    4    7    5    6
 308    4    7   10   13
 309    4    7   13   16
 310    4    7   16   19
 311    4    7   19   22
 312    4    7   22   25
 313    4    7   25   28
 314    4    7   28   31
 315    4    7   31   34
 316    4    8   12   16
 317    4    8   16   20
 318    4    8   20   24
 319    4    8   24   28
 320    4    8   28   32
 321    4    8   32   36
 322    4    9   14   19
 323    4    9   19   24
 324    4    9   24   29
 325    4    9   29   34
 326    4   10    6    8
 327    4   10   16   22
 328    4   10   22   28
 329    4   10   28   34
 330    4   11   18   25
 331    4   11   25   32
 332    4   12   20   28
 333    4   12   28   36
 334    4   13    7   10
 335    4   13   22   31
 336    4   14   24   34
 337    4   16    8   12
 338    4   19    9   14
 339    4   22   10   16
 340    4   25   11   18
 341    4   28   12   20
 342    4   31   13   22
 343    4   34   14   24
 344    5    6    7    8
 345    5    6    8    9
 346    5    6    9   10
 347    5    6   10   11
 348    5    6   11   12
 349    5    6   12   13
 350    5    6   13   14
 351    5    6   14   15
 352    5    6   15   16
 353    5    6   16   17
 354    5    6   17   18
 355    5    6   18   19
 356    5    6   19   20
 357    5    6   20   21
 358    5    6   21   22
 359    5    6   22   23
 360    5    6   23   24
 361    5    6   24   25
 362    5    6   25   26
 363    5    6   26   27
 364    5    6   27   28
 365    5    6   28   29
 366    5    6   29   30
 367    5    6   30   31
 368    5    6   31   32
 369    5    6   32   33
 370    5    6   33   34
 371    5    6   34   35
 372    5    6   35   36
 373    5    7    9   11
 374    5    7   11   13
 375    5    7   13   15
 376    5    7   15   17
 377    5    7   17   19
 378    5    7   19   21
 379    5    7   21   23
 380    5    7   23   25
 381    5    7   25   27
 382    5    7   27   29
 383    5    7   29   31
 384    5    7   31   33
 385    5    7   33   35
 386    5    8    6    7
 387    5    8   11   14
 388    5    8   14   17
 389    5    8   17   20
 390    5    8   20   23
 391    5    8   23   26
 392    5    8   26   29
 393    5    8   29   32
 394    5    8   32   35
 395    5    9   13   17
 396    5    9   17   21
 397    5    9   21   25
 398    5    9   25   29
 399    5    9   29   33
 400    5   10   15   20
 401    5   10   20   25
 402    5   10   25   30
 403    5   10   30   35
 404    5   11    7    9
 405    5   11   17   23
 406    5   11   23   29
 407    5   11   29   35
 408    5   12   19   26
 409    5   12   26   33
 410    5   13   21   29
 411    5   14    8   11
 412    5   14   23   32
 413    5   15   25   35
 414    5   17    9   13
 415    5   20   10   15
 416    5   23   11   17
 417    5   26   12   19
 418    5   29   13   21
 419    5   32   14   23
 420    5   35   15   25
 421    6    7    8    9
 422    6    7    9   10
 423    6    7   10   11
 424    6    7   11   12
 425    6    7   12   13
 426    6    7   13   14
 427    6    7   14   15
 428    6    7   15   16
 429    6    7   16   17
 430    6    7   17   18
 431    6    7   18   19
 432    6    7   19   20
 433    6    7   20   21
 434    6    7   21   22
 435    6    7   22   23
 436    6    7   23   24
 437    6    7   24   25
 438    6    7   25   26
 439    6    7   26   27
 440    6    7   27   28
 441    6    7   28   29
 442    6    7   29   30
 443    6    7   30   31
 444    6    7   31   32
 445    6    7   32   33
 446    6    7   33   34
 447    6    7   34   35
 448    6    7   35   36
 449    6    8   10   12
 450    6    8   12   14
 451    6    8   14   16
 452    6    8   16   18
 453    6    8   18   20
 454    6    8   20   22
 455    6    8   22   24
 456    6    8   24   26
 457    6    8   26   28
 458    6    8   28   30
 459    6    8   30   32
 460    6    8   32   34
 461    6    8   34   36
 462    6    9    7    8
 463    6    9   12   15
 464    6    9   15   18
 465    6    9   18   21
 466    6    9   21   24
 467    6    9   24   27
 468    6    9   27   30
 469    6    9   30   33
 470    6    9   33   36
 471    6   10   14   18
 472    6   10   18   22
 473    6   10   22   26
 474    6   10   26   30
 475    6   10   30   34
 476    6   11   16   21
 477    6   11   21   26
 478    6   11   26   31
 479    6   11   31   36
 480    6   12    8   10
 481    6   12   18   24
 482    6   12   24   30
 483    6   12   30   36
 484    6   13   20   27
 485    6   13   27   34
 486    6   14   22   30
 487    6   15    9   12
 488    6   15   24   33
 489    6   16   26   36
 490    6   18   10   14
 491    6   21   11   16
 492    6   24   12   18
 493    6   27   13   20
 494    6   30   14   22
 495    6   33   15   24
 496    6   36   16   26
 497    7    8    9   10
 498    7    8   10   11
 499    7    8   11   12
 500    7    8   12   13
 501    7    8   13   14
 502    7    8   14   15
 503    7    8   15   16
 504    7    8   16   17
 505    7    8   17   18
 506    7    8   18   19
 507    7    8   19   20
 508    7    8   20   21
 509    7    8   21   22
 510    7    8   22   23
 511    7    8   23   24
 512    7    8   24   25
 513    7    8   25   26
 514    7    8   26   27
 515    7    8   27   28
 516    7    8   28   29
 517    7    8   29   30
 518    7    8   30   31
 519    7    8   31   32
 520    7    8   32   33
 521    7    8   33   34
 522    7    8   34   35
 523    7    8   35   36
 524    7    9   11   13
 525    7    9   13   15
 526    7    9   15   17
 527    7    9   17   19
 528    7    9   19   21
 529    7    9   21   23
 530    7    9   23   25
 531    7    9   25   27
 532    7    9   27   29
 533    7    9   29   31
 534    7    9   31   33
 535    7    9   33   35
 536    7   10    8    9
 537    7   10   13   16
 538    7   10   16   19
 539    7   10   19   22
 540    7   10   22   25
 541    7   10   25   28
 542    7   10   28   31
 543    7   10   31   34
 544    7   11   15   19
 545    7   11   19   23
 546    7   11   23   27
 547    7   11   27   31
 548    7   11   31   35
 549    7   12   17   22
 550    7   12   22   27
 551    7   12   27   32
 552    7   13    9   11
 553    7   13   19   25
 554    7   13   25   31
 555    7   14   21   28
 556    7   14   28   35
 557    7   15   23   31
 558    7   16   10   13
 559    7   16   25   34
 560    7   19   11   15
 561    7   22   12   17
 562    7   25   13   19
 563    7   28   14   21
 564    7   31   15   23
 565    7   34   16   25
 566    8    9   10   11
 567    8    9   11   12
 568    8    9   12   13
 569    8    9   13   14
 570    8    9   14   15
 571    8    9   15   16
 572    8    9   16   17
 573    8    9   17   18
 574    8    9   18   19
 575    8    9   19   20
 576    8    9   20   21
 577    8    9   21   22
 578    8    9   22   23
 579    8    9   23   24
 580    8    9   24   25
 581    8    9   25   26
 582    8    9   26   27
 583    8    9   27   28
 584    8    9   28   29
 585    8    9   29   30
 586    8    9   30   31
 587    8    9   31   32
 588    8    9   32   33
 589    8    9   33   34
 590    8    9   34   35
 591    8    9   35   36
 592    8   10   12   14
 593    8   10   14   16
 594    8   10   16   18
 595    8   10   18   20
 596    8   10   20   22
 597    8   10   22   24
 598    8   10   24   26
 599    8   10   26   28
 600    8   10   28   30
 601    8   10   30   32
 602    8   10   32   34
 603    8   10   34   36
 604    8   11    9   10
 605    8   11   14   17
 606    8   11   17   20
 607    8   11   20   23
 608    8   11   23   26
 609    8   11   26   29
 610    8   11   29   32
 611    8   11   32   35
 612    8   12   16   20
 613    8   12   20   24
 614    8   12   24   28
 615    8   12   28   32
 616    8   12   32   36
 617    8   13   18   23
 618    8   13   23   28
 619    8   13   28   33
 620    8   14   10   12
 621    8   14   20   26
 622    8   14   26   32
 623    8   15   22   29
 624    8   15   29   36
 625    8   16   24   32
 626    8   17   11   14
 627    8   17   26   35
 628    8   20   12   16
 629    8   23   13   18
 630    8   26   14   20
 631    8   29   15   22
 632    8   32   16   24
 633    8   35   17   26
 634    9   10   11   12
 635    9   10   12   13
 636    9   10   13   14
 637    9   10   14   15
 638    9   10   15   16
 639    9   10   16   17
 640    9   10   17   18
 641    9   10   18   19
 642    9   10   19   20
 643    9   10   20   21
 644    9   10   21   22
 645    9   10   22   23
 646    9   10   23   24
 647    9   10   24   25
 648    9   10   25   26
 649    9   10   26   27
 650    9   10   27   28
 651    9   10   28   29
 652    9   10   29   30
 653    9   10   30   31
 654    9   10   31   32
 655    9   10   32   33
 656    9   10   33   34
 657    9   10   34   35
 658    9   10   35   36
 659    9   11   13   15
 660    9   11   15   17
 661    9   11   17   19
 662    9   11   19   21
 663    9   11   21   23
 664    9   11   23   25
 665    9   11   25   27
 666    9   11   27   29
 667    9   11   29   31
 668    9   11   31   33
 669    9   11   33   35
 670    9   12   10   11
 671    9   12   15   18
 672    9   12   18   21
 673    9   12   21   24
 674    9   12   24   27
 675    9   12   27   30
 676    9   12   30   33
 677    9   12   33   36
 678    9   13   17   21
 679    9   13   21   25
 680    9   13   25   29
 681    9   13   29   33
 682    9   14   19   24
 683    9   14   24   29
 684    9   14   29   34
 685    9   15   11   13
 686    9   15   21   27
 687    9   15   27   33
 688    9   16   23   30
 689    9   17   25   33
 690    9   18   12   15
 691    9   18   27   36
 692    9   21   13   17
 693    9   24   14   19
 694    9   27   15   21
 695    9   30   16   23
 696    9   33   17   25
 697    9   36   18   27
 698   10   11   12   13
 699   10   11   13   14
 700   10   11   14   15
 701   10   11   15   16
 702   10   11   16   17
 703   10   11   17   18
 704   10   11   18   19
 705   10   11   19   20
 706   10   11   20   21
 707   10   11   21   22
 708   10   11   22   23
 709   10   11   23   24
 710   10   11   24   25
 711   10   11   25   26
 712   10   11   26   27
 713   10   11   27   28
 714   10   11   28   29
 715   10   11   29   30
 716   10   11   30   31
 717   10   11   31   32
 718   10   11   32   33
 719   10   11   33   34
 720   10   11   34   35
 721   10   11   35   36
 722   10   12   14   16
 723   10   12   16   18
 724   10   12   18   20
 725   10   12   20   22
 726   10   12   22   24
 727   10   12   24   26
 728   10   12   26   28
 729   10   12   28   30
 730   10   12   30   32
 731   10   12   32   34
 732   10   12   34   36
 733   10   13   11   12
 734   10   13   16   19
 735   10   13   19   22
 736   10   13   22   25
 737   10   13   25   28
 738   10   13   28   31
 739   10   13   31   34
 740   10   14   18   22
 741   10   14   22   26
 742   10   14   26   30
 743   10   14   30   34
 744   10   15   20   25
 745   10   15   25   30
 746   10   15   30   35
 747   10   16   12   14
 748   10   16   22   28
 749   10   16   28   34
 750   10   17   24   31
 751   10   18   26   34
 752   10   19   13   16
 753   10   22   14   18
 754   10   25   15   20
 755   10   28   16   22
 756   10   31   17   24
 757   10   34   18   26
 758   11   12   13   14
 759   11   12   14   15
 760   11   12   15   16
 761   11   12   16   17
 762   11   12   17   18
 763   11   12   18   19
 764   11   12   19   20
 765   11   12   20   21
 766   11   12   21   22
 767   11   12   22   23
 768   11   12   23   24
 769   11   12   24   25
 770   11   12   25   26
 771   11   12   26   27
 772   11   12   27   28
 773   11   12   28   29
 774   11   12   29   30
 775   11   12   30   31
 776   11   12   31   32
 777   11   12   32   33
 778   11   12   33   34
 779   11   12   34   35
 780   11   12   35   36
 781   11   13   15   17
 782   11   13   17   19
 783   11   13   19   21
 784   11   13   21   23
 785   11   13   23   25
 786   11   13   25   27
 787   11   13   27   29
 788   11   13   29   31
 789   11   13   31   33
 790   11   13   33   35
 791   11   14   12   13
 792   11   14   17   20
 793   11   14   20   23
 794   11   14   23   26
 795   11   14   26   29
 796   11   14   29   32
 797   11   14   32   35
 798   11   15   19   23
 799   11   15   23   27
 800   11   15   27   31
 801   11   15   31   35
 802   11   16   21   26
 803   11   16   26   31
 804   11   16   31   36
 805   11   17   13   15
 806   11   17   23   29
 807   11   17   29   35
 808   11   18   25   32
 809   11   19   27   35
 810   11   20   14   17
 811   11   23   15   19
 812   11   26   16   21
 813   11   29   17   23
 814   11   32   18   25
 815   11   35   19   27
 816   12   13   14   15
 817   12   13   15   16
 818   12   13   16   17
 819   12   13   17   18
 820   12   13   18   19
 821   12   13   19   20
 822   12   13   20   21
 823   12   13   21   22
 824   12   13   22   23
 825   12   13   23   24
 826   12   13   24   25
 827   12   13   25   26
 828   12   13   26   27
 829   12   13   27   28
 830   12   13   28   29
 831   12   13   29   30
 832   12   13   30   31
 833   12   13   31   32
 834   12   13   32   33
 835   12   13   33   34
 836   12   13   34   35
 837   12   13   35   36
 838   12   14   16   18
 839   12   14   18   20
 840   12   14   20   22
 841   12   14   22   24
 842   12   14   24   26
 843   12   14   26   28
 844   12   14   28   30
 845   12   14   30   32
 846   12   14   32   34
 847   12   14   34   36
 848   12   15   13   14
 849   12   15   18   21
 850   12   15   21   24
 851   12   15   24   27
 852   12   15   27   30
 853   12   15   30   33
 854   12   15   33   36
 855   12   16   20   24
 856   12   16   24   28
 857   12   16   28   32
 858   12   16   32   36
 859   12   17   22   27
 860   12   17   27   32
 861   12   18   14   16
 862   12   18   24   30
 863   12   18   30   36
 864   12   19   26   33
 865   12   20   28   36
 866   12   21   15   18
 867   12   24   16   20
 868   12   27   17   22
 869   12   30   18   24
 870   12   33   19   26
 871   12   36   20   28
 872   13   14   15   16
 873   13   14   16   17
 874   13   14   17   18
 875   13   14   18   19
 876   13   14   19   20
 877   13   14   20   21
 878   13   14   21   22
 879   13   14   22   23
 880   13   14   23   24
 881   13   14   24   25
 882   13   14   25   26
 883   13   14   26   27
 884   13   14   27   28
 885   13   14   28   29
 886   13   14   29   30
 887   13   14   30   31
 888   13   14   31   32
 889   13   14   32   33
 890   13   14   33   34
 891   13   14   34   35
 892   13   14   35   36
 893   13   15   17   19
 894   13   15   19   21
 895   13   15   21   23
 896   13   15   23   25
 897   13   15   25   27
 898   13   15   27   29
 899   13   15   29   31
 900   13   15   31   33
 901   13   15   33   35
 902   13   16   14   15
 903   13   16   19   22
 904   13   16   22   25
 905   13   16   25   28
 906   13   16   28   31
 907   13   16   31   34
 908   13   17   21   25
 909   13   17   25   29
 910   13   17   29   33
 911   13   18   23   28
 912   13   18   28   33
 913   13   19   15   17
 914   13   19   25   31
 915   13   20   27   34
 916   13   22   16   19
 917   13   25   17   21
 918   13   28   18   23
 919   13   31   19   25
 920   13   34   20   27
 921   14   15   16   17
 922   14   15   17   18
 923   14   15   18   19
 924   14   15   19   20
 925   14   15   20   21
 926   14   15   21   22
 927   14   15   22   23
 928   14   15   23   24
 929   14   15   24   25
 930   14   15   25   26
 931   14   15   26   27
 932   14   15   27   28
 933   14   15   28   29
 934   14   15   29   30
 935   14   15   30   31
 936   14   15   31   32
 937   14   15   32   33
 938   14   15   33   34
 939   14   15   34   35
 940   14   15   35   36
 941   14   16   18   20
 942   14   16   20   22
 943   14   16   22   24
 944   14   16   24   26
 945   14   16   26   28
 946   14   16   28   30
 947   14   16   30   32
 948   14   16   32   34
 949   14   16   34   36
 950   14   17   15   16
 951   14   17   20   23
 952   14   17   23   26
 953   14   17   26   29
 954   14   17   29   32
 955   14   17   32   35
 956   14   18   22   26
 957   14   18   26   30
 958   14   18   30   34
 959   14   19   24   29
 960   14   19   29   34
 961   14   20   16   18
 962   14   20   26   32
 963   14   21   28   35
 964   14   23   17   20
 965   14   26   18   22
 966   14   29   19   24
 967   14   32   20   26
 968   14   35   21   28
 969   15   16   17   18
 970   15   16   18   19
 971   15   16   19   20
 972   15   16   20   21
 973   15   16   21   22
 974   15   16   22   23
 975   15   16   23   24
 976   15   16   24   25
 977   15   16   25   26
 978   15   16   26   27
 979   15   16   27   28
 980   15   16   28   29
 981   15   16   29   30
 982   15   16   30   31
 983   15   16   31   32
 984   15   16   32   33
 985   15   16   33   34
 986   15   16   34   35
 987   15   16   35   36
 988   15   17   19   21
 989   15   17   21   23
 990   15   17   23   25
 991   15   17   25   27
 992   15   17   27   29
 993   15   17   29   31
 994   15   17   31   33
 995   15   17   33   35
 996   15   18   16   17
 997   15   18   21   24
 998   15   18   24   27
 999   15   18   27   30
1000   15   18   30   33
1001   15   18   33   36
1002   15   19   23   27
1003   15   19   27   31
1004   15   19   31   35
1005   15   20   25   30
1006   15   20   30   35
1007   15   21   17   19
1008   15   21   27   33
1009   15   22   29   36
1010   15   24   18   21
1011   15   27   19   23
1012   15   30   20   25
1013   15   33   21   27
1014   15   36   22   29
1015   16   17   18   19
1016   16   17   19   20
1017   16   17   20   21
1018   16   17   21   22
1019   16   17   22   23
1020   16   17   23   24
1021   16   17   24   25
1022   16   17   25   26
1023   16   17   26   27
1024   16   17   27   28
1025   16   17   28   29
1026   16   17   29   30
1027   16   17   30   31
1028   16   17   31   32
1029   16   17   32   33
1030   16   17   33   34
1031   16   17   34   35
1032   16   17   35   36
1033   16   18   20   22
1034   16   18   22   24
1035   16   18   24   26
1036   16   18   26   28
1037   16   18   28   30
1038   16   18   30   32
1039   16   18   32   34
1040   16   18   34   36
1041   16   19   17   18
1042   16   19   22   25
1043   16   19   25   28
1044   16   19   28   31
1045   16   19   31   34
1046   16   20   24   28
1047   16   20   28   32
1048   16   20   32   36
1049   16   21   26   31
1050   16   21   31   36
1051   16   22   18   20
1052   16   22   28   34
1053   16   25   19   22
1054   16   28   20   24
1055   16   31   21   26
1056   16   34   22   28
1057   17   18   19   20
1058   17   18   20   21
1059   17   18   21   22
1060   17   18   22   23
1061   17   18   23   24
1062   17   18   24   25
1063   17   18   25   26
1064   17   18   26   27
1065   17   18   27   28
1066   17   18   28   29
1067   17   18   29   30
1068   17   18   30   31
1069   17   18   31   32
1070   17   18   32   33
1071   17   18   33   34
1072   17   18   34   35
1073   17   18   35   36
1074   17   19   21   23
1075   17   19   23   25
1076   17   19   25   27
1077   17   19   27   29
1078   17   19   29   31
1079   17   19   31   33
1080   17   19   33   35
1081   17   20   18   19
1082   17   20   23   26
1083   17   20   26   29
1084   17   20   29   32
1085   17   20   32   35
1086   17   21   25   29
1087   17   21   29   33
1088   17   22   27   32
1089   17   23   19   21
1090   17   23   29   35
1091   17   26   20   23
1092   17   29   21   25
1093   17   32   22   27
1094   17   35   23   29
1095   18   19   20   21
1096   18   19   21   22
1097   18   19   22   23
1098   18   19   23   24
1099   18   19   24   25
1100   18   19   25   26
1101   18   19   26   27
1102   18   19   27   28
1103   18   19   28   29
1104   18   19   29   30
1105   18   19   30   31
1106   18   19   31   32
1107   18   19   32   33
1108   18   19   33   34
1109   18   19   34   35
1110   18   19   35   36
1111   18   20   22   24
1112   18   20   24   26
1113   18   20   26   28
1114   18   20   28   30
1115   18   20   30   32
1116   18   20   32   34
1117   18   20   34   36
1118   18   21   19   20
1119   18   21   24   27
1120   18   21   27   30
1121   18   21   30   33
1122   18   21   33   36
1123   18   22   26   30
1124   18   22   30   34
1125   18   23   28   33
1126   18   24   20   22
1127   18   24   30   36
1128   18   27   21   24
1129   18   30   22   26
1130   18   33   23   28
1131   18   36   24   30
1132   19   20   21   22
1133   19   20   22   23
1134   19   20   23   24
1135   19   20   24   25
1136   19   20   25   26
1137   19   20   26   27
1138   19   20   27   28
1139   19   20   28   29
1140   19   20   29   30
1141   19   20   30   31
1142   19   20   31   32
1143   19   20   32   33
1144   19   20   33   34
1145   19   20   34   35
1146   19   20   35   36
1147   19   21   23   25
1148   19   21   25   27
1149   19   21   27   29
1150   19   21   29   31
1151   19   21   31   33
1152   19   21   33   35
1153   19   22   20   21
1154   19   22   25   28
1155   19   22   28   31
1156   19   22   31   34
1157   19   23   27   31
1158   19   23   31   35
1159   19   24   29   34
1160   19   25   21   23
1161   19   28   22   25
1162   19   31   23   27
1163   19   34   24   29
1164   20   21   22   23
1165   20   21   23   24
1166   20   21   24   25
1167   20   21   25   26
1168   20   21   26   27
1169   20   21   27   28
1170   20   21   28   29
1171   20   21   29   30
1172   20   21   30   31
1173   20   21   31   32
1174   20   21   32   33
1175   20   21   33   34
1176   20   21   34   35
1177   20   21   35   36
1178   20   22   24   26
1179   20   22   26   28
1180   20   22   28   30
1181   20   22   30   32
1182   20   22   32   34
1183   20   22   34   36
1184   20   23   21   22
1185   20   23   26   29
1186   20   23   29   32
1187   20   23   32   35
1188   20   24   28   32
1189   20   24   32   36
1190   20   25   30   35
1191   20   26   22   24
1192   20   29   23   26
1193   20   32   24   28
1194   20   35   25   30
1195   21   22   23   24
1196   21   22   24   25
1197   21   22   25   26
1198   21   22   26   27
1199   21   22   27   28
1200   21   22   28   29
1201   21   22   29   30
1202   21   22   30   31
1203   21   22   31   32
1204   21   22   32   33
1205   21   22   33   34
1206   21   22   34   35
1207   21   22   35   36
1208   21   23   25   27
1209   21   23   27   29
1210   21   23   29   31
1211   21   23   31   33
1212   21   23   33   35
1213   21   24   22   23
1214   21   24   27   30
1215   21   24   30   33
1216   21   24   33   36
1217   21   25   29   33
1218   21   26   31   36
1219   21   27   23   25
1220   21   30   24   27
1221   21   33   25   29
1222   21   36   26   31
1223   22   23   24   25
1224   22   23   25   26
1225   22   23   26   27
1226   22   23   27   28
1227   22   23   28   29
1228   22   23   29   30
1229   22   23   30   31
1230   22   23   31   32
1231   22   23   32   33
1232   22   23   33   34
1233   22   23   34   35
1234   22   23   35   36
1235   22   24   26   28
1236   22   24   28   30
1237   22   24   30   32
1238   22   24   32   34
1239   22   24   34   36
1240   22   25   23   24
1241   22   25   28   31
1242   22   25   31   34
1243   22   26   30   34
1244   22   28   24   26
1245   22   31   25   28
1246   22   34   26   30
1247   23   24   25   26
1248   23   24   26   27
1249   23   24   27   28
1250   23   24   28   29
1251   23   24   29   30
1252   23   24   30   31
1253   23   24   31   32
1254   23   24   32   33
1255   23   24   33   34
1256   23   24   34   35
1257   23   24   35   36
1258   23   25   27   29
1259   23   25   29   31
1260   23   25   31   33
1261   23   25   33   35
1262   23   26   24   25
1263   23   26   29   32
1264   23   26   32   35
1265   23   27   31   35
1266   23   29   25   27
1267   23   32   26   29
1268   23   35   27   31
1269   24   25   26   27
1270   24   25   27   28
1271   24   25   28   29
1272   24   25   29   30
1273   24   25   30   31
1274   24   25   31   32
1275   24   25   32   33
1276   24   25   33   34
1277   24   25   34   35
1278   24   25   35   36
1279   24   26   28   30
1280   24   26   30   32
1281   24   26   32   34
1282   24   26   34   36
1283   24   27   25   26
1284   24   27   30   33
1285   24   27   33   36
1286   24   28   32   36
1287   24   30   26   28
1288   24   33   27   30
1289   24   36   28   32
1290   25   26   27   28
1291   25   26   28   29
1292   25   26   29   30
1293   25   26   30   31
1294   25   26   31   32
1295   25   26   32   33
1296   25   26   33   34
1297   25   26   34   35
1298   25   26   35   36
1299   25   27   29   31
1300   25   27   31   33
1301   25   27   33   35
1302   25   28   26   27
1303   25   28   31   34
1304   25   31   27   29
1305   25   34   28   31
1306   26   27   28   29
1307   26   27   29   30
1308   26   27   30   31
1309   26   27   31   32
1310   26   27   32   33
1311   26   27   33   34
1312   26   27   34   35
1313   26   27   35   36
1314   26   28   30   32
1315   26   28   32   34
1316   26   28   34   36
1317   26   29   27   28
1318   26   29   32   35
1319   26   32   28   30
1320   26   35   29   32
1321   27   28   29   30
1322   27   28   30   31
1323   27   28   31   32
1324   27   28   32   33
1325   27   28   33   34
1326   27   28   34   35
1327   27   28   35   36
1328   27   29   31   33
1329   27   29   33   35
1330   27   30   28   29
1331   27   30   33   36
1332   27   33   29   31
1333   27   36   30   33
1334   28   29   30   31
1335   28   29   31   32
1336   28   29   32   33
1337   28   29   33   34
1338   28   29   34   35
1339   28   29   35   36
1340   28   30   32   34
1341   28   30   34   36
1342   28   31   29   30
1343   28   34   30   32
1344   29   30   31   32
1345   29   30   32   33
1346   29   30   33   34
1347   29   30   34   35
1348   29   30   35   36
1349   29   31   33   35
1350   29   32   30   31
1351   29   35   31   33
1352   30   31   32   33
1353   30   31   33   34
1354   30   31   34   35
1355   30   31   35   36
1356   30   32   34   36
1357   30   33   31   32
1358   30   36   32   34
1359   31   32   33   34
1360   31   32   34   35
1361   31   32   35   36
1362   31   34   32   33
1363   32   33   34   35
1364   32   33   35   36
1365   32   35   33   34
1366   33   34   35   36
1367   33   36   34   35
