# X Y Z
 1 0.00 0.00 0.00
 2 1.00 0.00 0.00
 3 2.00 0.00 0.00
 4 3.00 0.00 0.00
 5 4.00 0.00 0.00
 6 5.00 0.00 0.00
 7 6.00 0.00 0.00
 8 7.00 0.00 0.00
 9 8.00 0.00 0.00
10 9.00 0.00 0.00
11 10.00 0.00 0.00
12 11.00 0.00 0.00
13 12.00 0.00 0.00
14 13.00 0.00 0.00
15 14.00 0.00 0.00
16 15.00 0.00 0.00
17 16.00 0.00 0.00
18 17.00 0.00 0.00
19 18.00 0.00 0.00
20 19.00 0.00 0.00
21 20.00 0.00 0.00
22 21.00 0.00 0.00
23 22.00 0.00 0.00
24 23.00 0.00 0.00
25 24.00 0.00 0.00
26 25.00 0.00 0.00
27 26.00 0.00 0.00
28 27.00 0.00 0.00
29 28.00 0.00 0.00
30 29.00 0.00 0.00
31 30.00 0.00 0.00
32 31.00 0.00 0.00
33 32.00 0.00 0.00
34 33.00 0.00 0.00
35 34.00 0.00 0.00
36 35.00 0.00 0.00
37 36.00 0.00 0.00
38 37.00 0.00 0.00
39 38.00 0.00 0.00
40 39.00 0.00 0.00
41 40.00 0.00 0.00
42 41.00 0.00 0.00
43 42.00 0.00 0.00
44 43.00 0.00 0.00
45 44.00 0.00 0.00
46 45.00 0.00 0.00
47 46.00 0.00 0.00
48 47.00 0.00 0.00
49 48.00 0.00 0.00
50 49.00 0.00 0.00
51 50.00 0.00 0.00
52 51.00 0.00 0.00
53 52.00 0.00 0.00
54 53.00 0.00 0.00
# A B M N
   1    1    2    3    4
   2    1    2    4    5
   3    1    2    5    6
   4    1    2    6    7
   5    1    2    7    8
   6    1    2    8    9
   7    1    2    9   10
   8    1    2   10   11
   9    1    2   11   12
  10    1    2   12   13
  11    1    2   13   14
  12    1    2   14   15
  13    1    2   15   16
  14    1    2   16   17
  15    1    2   17   18
  16    1    2   18   19
  17    1    2   19   20
  18    1    2   20   21
  19    1    2   21   22
  20    1    2   22   23
  21    1    2   23   24
  22    1    2   24   25
  23    1    2   25   26
  24    1    2   26   27
  25    1    2   27   28
  26    1    2   28   29
  27    1    2   29   30
  28    1    2   30   31
  29    1    2   31   32
  30    1    2   32   33
  31    1    2   33   34
  32    1    2   34   35
  33    1    2   35   36
  34    1    2   36   37
  35    1    2   37   38
  36    1    2   38   39
  37    1    2   39   40
  38    1    2   40   41
  39    1    2   41   42
  40    1    2   42   43
  41    1    2   43   44
  42    1    2   44   45
  43    1    2   45   46
  44    1    2   46   47
  45    1    2   47   48
  46    1    2   48   49
  47    1    2   49   50
  48    1    2   50   51
  49    1    2   51   52
  50    1    2   52   53
  51    1    2   53   54
  52    1    3    5    7
  53    1    3    7    9
  54    1    3    9   11
  55    1    3   11   13
  56    1    3   13   15
  57    1    3   15   17
  58    1    3   17   19
  59    1    3   19   21
  60    1    3   21   23
  61    1    3   23   25
  62    1    3   25   27
  63    1    3   27   29
  64    1    3   29   31
  65    1    3   31   33
  66    1    3   33   35
  67    1    3   35   37
  68    1    3   37   39
  69    1    3   39   41
  70    1    3   41   43
  71    1    3   43   45
  72    1    3   45   47
  73    1    3   47   49
  74    1    3   49   51
  75    1    3   51   53
  76    1    4    2    3
  77    1    4    7   10
  78    1    4   10   13
  79    1    4   13   16
  80    1    4   16   19
  81    1    4   19   22
  82    1    4   22   25
  83    1    4   25   28
  84    1    4   28   31
  85    1    4   31   34
  86    1    4   34   37
  87    1    4   37   40
  88    1    4   40   43
  89    1    4   43   46
  90    1    4   46   49
  91    1    4   49   52
  92    1    5    9   13
  93    1    5   13   17
  94    1    5   17   21
  95    1    5   21   25
  96    1    5   25   29
  97    1    5   29   33
  98    1    5   33   37
  99    1    5   37   41
 100    1    5   41   45
 101    1    5   45   49
 102    1    5   49   53
 103    1    6   11   16
 104    1    6   16   21
 105    1    6   21   26
 106    1    6   26   31
 107    1    6   31   36
 108    1    6   36   41
 109    1    6   41   46
 110    1    6   46   51
 111    1    7    3    5
 112    1    7   13   19
 113    1    7   19   25
 114    1    7   25   31
 115    1    7   31   37
 116    1    7   37   43
 117    1    7   43   49
 118    1    8   15   22
 119    1    8   22   29
 120    1    8   29   36
 121    1    8   36   43
 122    1    8   43   50
 123    1    9   17   25
 124    1    9   25   33
 125    1    9   33   41
 126    1    9   41   49
 127    1   10    4    7
 128    1   10   19   28
 129    1   10   28   37
 130    1   10   37   46
 131    1   11   21   31
 132    1   11   31   41
 133    1   11   41   51
 134    1   12   23   34
 135    1   12   34   45
 136    1   13    5    9
 137    1   13   25   37
 138    1   13   37   49
 139    1   14   27   40
 140    1   14   40   53
 141    1   15   29   43
 142    1   16    6   11
 143    1   16   31   46
 144    1   17   33   49
 145    1   18   35   52
 146    1   19    7   13
 147    1   22    8   15
 148    1   25    9   17
 149    1   28   10   19
 150    1   31   11   21
 151    1   34   12   23
 152    1   37   13   25
 153    1   40   14   27
 154    1   43   15   29
 155    1   46   16   31
 156    1   49   17   33
 157    1   52   18   35
 158    2    3    4    5
 159    2    3    5    6
 160    2    3    6    7
 161    2    3    7    8
 162    2    3    8    9
 163    2    3    9   10
 164    2    3   10   11
 165    2    3   11   12
 166    2    3   12   13
 167    2    3   13   14
 168    2    3   14   15
 169    2    3   15   16
 170    2    3   16   17
 171    2    3   17   18
 172    2    3   18   19
 173    2    3   19   20
 174    2    3   20   21
 175    2    3   21   22
 176    2    3   22   23
 177    2    3   23   24
 178    2    3   24   25
 179    2    3   25   26
 180    2    3   26   27
 181    2    3   27   28
 182    2    3   28   29
 183    2    3   29   30
 184    2    3   30   31
 185    2    3   31   32
 186    2    3   32   33
 187    2    3   33   34
 188    2    3   34   35
 189    2    3   35   36
 190    2    3   36   37
 191    2    3   37   38
 192    2    3   38   39
 193    2    3   39   40
 194    2    3   40   41
 195    2    3   41   42
 196    2    3   42   43
 197    2    3   43   44
 198    2    3   44   45
 199    2    3   45   46
 200    2    3   46   47
 201    2    3   47   48
 202    2    3   48   49
 203    2    3   49   50
 204    2    3   50   51
 205    2    3   51   52
 206    2    3   52   53
 207    2    3   53   54
 208    2    4    6    8
 209    2    4    8   10
 210    2    4   10   12
 211    2    4   12   14
 212    2    4   14   16
 213    2    4   16   18
 214    2    4   18   20
 215    2    4   20   22
 216    2    4   22   24
 217    2    4   24   26
 218    2    4   26   28
 219    2    4   28   30
 220    2    4   30   32
 221    2    4   32   34
 222    2    4   34   36
 223    2    4   36   38
 224    2    4   38   40
 225    2    4   40   42
 226    2    4   42   44
 227    2    4   44   46
 228    2    4   46   48
 229    2    4   48   50
 230    2    4   50   52
 231    2    4   52   54
 232    2    5    3    4
 233    2    5    8   11
 234    2    5   11   14
 235    2    5   14   17
 236    2    5   17   20
 237    2    5   20   23
 238    2    5   23   26
 239    2    5   26   29
 240    2    5   29   32
 241    2    5   32   35
 242    2    5   35   38
 243    2    5   38   41
 244    2    5   41   44
 245    2    5   44   47
 246    2    5   47   50
 247    2    5   50   53
 248    2    6   10   14
 249    2    6   14   18
 250    2    6   18   22
 251    2    6   22   26
 252    2    6   26   30
 253    2    6   30   34
 254    2    6   34   38
 255    2    6   38   42
 256    2    6   42   46
 257    2    6   46   50
 258    2    6   50   54
 259    2    7   12   17
 260    2    7   17   22
 261    2    7   22   27
 262    2    7   27   32
 263    2    7   32   37
 264    2    7   37   42
 265    2    7   42   47
 266    2    7   47   52
 267    2    8    4    6
 268    2    8   14   20
 269    2    8   20   26
 270    2    8   26   32
 271    2    8   32   38
 272    2    8   38   44
 273    2    8   44   50
 274    2    9   16   23
 275    2    9   23   30
 276    2    9   30   37
 277    2    9   37   44
 278    2    9   44   51
 279    2   10   18   26
 280    2   10   26   34
 281    2   10   34   42
 282    2   10   42   50
 283    2   11    5    8
 284    2   11   20   29
 285    2   11   29   38
 286    2   11   38   47
 287    2   12   22   32
 288    2   12   32   42
 289    2   12   42   52
 290    2   13   24   35
 291    2   13   35   46
 292    2   14    6   10
 293    2   14   26   38
 294    2   14   38   50
 295    2   15   28   41
 296    2   15   41   54
 297    2   16   30   44
 298    2   17    7   12
 299    2   17   32   47
 300    2   18   34   50
 301    2   19   36   53
 302    2   20    8   14
 303    2   23    9   16
 304    2   26   10   18
 305    2   29   11   20
 306    2   32   12   22
 307    2   35   13   24
 308    2   38   14   26
 309    2   41   15   28
 310    2   44   16   30
 311    2   47   17   32
 312    2   50   18   34
 313    2   53   19   36
 314    3    4    5    6
 315    3    4    6    7
 316    3    4    7    8
 317    3    4    8    9
 318    3    4    9   10
 319    3    4   10   11
 320    3    4   11   12
 321    3    4   12   13
 322    3    4   13   14
 323    3    4   14   15
 324    3    4   15   16
 325    3    4   16   17
 326    3    4   17   18
 327    3    4   18   19
 328    3    4   19   20
 329    3    4   20   21
 330    3    4   21   22
 331    3    4   22   23
 332    3    4   23   24
 333    3    4   24   25
 334    3    4   25   26
 335    3    4   26   27
 336    3    4   27   28
 337    3    4   28   29
 338    3    4   29   30
 339    3    4   30   31
 340    3    4   31   32
 341    3    4   32   33
 342    3    4   33   34
 343    3    4   34   35
 344    3    4   35   36
 345    3    4   36   37
 346    3    4   37   38
 347    3    4   38   39
 348    3    4   39   40
 349    3    4   40   41
 350    3    4   41   42
 351    3    4   42   43
 352    3    4   43   44
 353    3    4   44   45
 354    3    4   45   46
 355    3    4   46   47
 356    3    4   47   48
 357    3    4   48   49
 358    3    4   49   50
 359    3    4   50   51
 360    3    4   51   52
 361    3    4   52   53
 362    3    4   53   54
 363    3    5    7    9
 364    3    5    9   11
 365    3    5   11   13
 366    3    5   13   15
 367    3    5   15   17
 368    3    5   17   19
 369    3    5   19   21
 370    3    5   21   23
 371    3    5   23   25
 372    3    5   25   27
 373    3    5   27   29
 374    3    5   29   31
 375    3    5   31   33
 376    3    5   33   35
 377    3    5   35   37
 378    3    5   37   39
 379    3    5   39   41
 380    3    5   41   43
 381    3    5   43   45
 382    3    5   45   47
 383    3    5   47   49
 384    3    5   49   51
 385    3    5   51   53
 386    3    6    4    5
 387    3    6    9   12
 388    3    6   12   15
 389    3    6   15   18
 390    3    6   18   21
 391    3    6   21   24
 392    3    6   24   27
 393    3    6   27   30
 394    3    6   30   33
 395    3    6   33   36
 396    3    6   36   39
 397    3    6   39   42
 398    3    6   42   45
 399    3    6   45   48
 400    3    6   48   51
 401    3    6   51   54
 402    3    7   11   15
 403    3    7   15   19
 404    3    7   19   23
 405    3    7   23   27
 406    3    7   27   31
 407    3    7   31   35
 408    3    7   35   39
 409    3    7   39   43
 410    3    7   43   47
 411    3    7   47   51
 412    3    8   13   18
 413    3    8   18   23
 414    3    8   23   28
 415    3    8   28   33
 416    3    8   33   38
 417    3    8   38   43
 418    3    8   43   48
 419    3    8   48   53
 420    3    9    5    7
 421    3    9   15   21
 422    3    9   21   27
 423    3    9   27   33
 424    3    9   33   39
 425    3    9   39   45
 426    3    9   45   51
 427    3   10   17   24
 428    3   10   24   31
 429    3   10   31   38
 430    3   10   38   45
 431    3   10   45   52
 432    3   11   19   27
 433    3   11   27   35
 434    3   11   35   43
 435    3   11   43   51
 436    3   12    6    9
 437    3   12   21   30
 438    3   12   30   39
 439    3   12   39   48
 440    3   13   23   33
 441    3   13   33   43
 442    3   13   43   53
 443    3   14   25   36
 444    3   14   36   47
 445    3   15    7   11
 446    3   15   27   39
 447    3   15   39   51
 448    3   16   29   42
 449    3   17   31   45
 450    3   18    8   13
 451    3   18   33   48
 452    3   19   35   51
 453    3   20   37   54
 454    3   21    9   15
 455    3   24   10   17
 456    3   27   11   19
 457    3   30   12   21
 458    3   33   13   23
 459    3   36   14   25
 460    3   39   15   27
 461    3   42   16   29
 462    3   45   17   31
 463    3   48   18   33
 464    3   51   19   35
 465    3   54   20   37
 466    4    5    6    7
 467    4    5    7    8
 468    4    5    8    9
 469    4    5    9   10
 470    4    5   10   11
 471    4    5   11   12
 472    4    5   12   13
 473    4    5   13   14
 474    4    5   14   15
 475    4    5   15   16
 476    4    5   16   17
 477    4    5   17   18
 478    4    5   18   19
 479    4    5   19   20
 480    4    5   20   21
 481    4    5   21   22
 482    4    5   22   23
 483    4    5   23   24
 484    4    5   24   25
 485    4    5   25   26
 486    4    5   26   27
 487    4    5   27   28
 488    4    5   28   29
 489    4    5   29   30
 490    4    5   30   31
 491    4    5   31   32
 492    4    5   32   33
 493    4    5   33   34
 494    4    5   34   35
 495    4    5   35   36
 496    4    5   36   37
 497    4    5   37   38
 498    4    5   38   39
 499    4    5   39   40
 500    4    5   40   41
 501    4    5   41   42
 502    4    5   42   43
 503    4    5   43   44
 504    4    5   44   45
 505    4    5   45   46
 506    4    5   46   47
 507    4    5   47   48
 508    4    5   48   49
 509    4    5   49   50
 510    4    5   50   51
 511    4    5   51   52
 512    4    5   52   53
 513    4    5   53   54
 514    4    6    8   10
 515    4    6   10   12
 516    4    6   12   14
 517    4    6   14   16
 518    4    6   16   18
 519    4    6   18   20
 520    4    6   20   22
 521    4    6   22   24
 522    4    6   24   26
 523    4    6   26   28
 524    4    6   28   30
 525    4    6   30   32
 526    4    6   32   34
 527    4    6   34   36
 528    4    6   36   38
 529    4    6   38   40
 530    4    6   40   42
 531    4    6   42   44
 532    4    6   44   46
 533    4    6   46   48
 534    4    6   48   50
 535    4    6   50   52
 536    4    6   52   54
 537    4    7    5    6
 538    4    7   10   13
 539    4    7   13   16
 540    4    7   16   19
 541    4    7   19   22
 542    4    7   22   25
 543    4    7   25   28
 544    4    7   28   31
 545    4    7   31   34
 546    4    7   34   37
 547    4    7   37   40
 548    4    7   40   43
 549    4    7   43   46
 550    4    7   46   49
 551    4    7   49   52
 552    4    8   12   16
 553    4    8   16   20
 554    4    8   20   24
 555    4    8   24   28
 556    4    8   28   32
 557    4    8   32   36
 558    4    8   36   40
 559    4    8   40   44
 560    4    8   44   48
 561    4    8   48   52
 562    4    9   14   19
 563    4    9   19   24
 564    4    9   24   29
 565    4    9   29   34
 566    4    9   34   39
 567    4    9   39   44
 568    4    9   44   49
 569    4    9   49   54
 570    4   10    6    8
 571    4   10   16   22
 572    4   10   22   28
 573    4   10   28   34
 574    4   10   34   40
 575    4   10   40   46
 576    4   10   46   52
 577    4   11   18   25
 578    4   11   25   32
 579    4   11   32   39
 580    4   11   39   46
 581    4   11   46   53
 582    4   12   20   28
 583    4   12   28   36
 584    4   12   36   44
 585    4   12   44   52
 586    4   13    7   10
 587    4   13   22   31
 588    4   13   31   40
 589    4   13   40   49
 590    4   14   24   34
 591    4   14   34   44
 592    4   14   44   54
 593    4   15   26   37
 594    4   15   37   48
 595    4   16    8   12
 596    4   16   28   40
 597    4   16   40   52
 598    4   17   30   43
 599    4   18   32   46
 600    4   19    9   14
 601    4   19   34   49
 602    4   20   36   52
 603    4   22   10   16
 604    4   25   11   18
 605    4   28   12   20
 606    4   31   13   22
 607    4   34   14   24
 608    4   37   15   26
 609    4   40   16   28
 610    4   43   17   30
 611    4   46   18   32
 612    4   49   19   34
 613    4   52   20   36
 614    5    6    7    8
 615    5    6    8    9
 616    5    6    9   10
 617    5    6   10   11
 618    5    6   11   12
 619    5    6   12   13
 620    5    6   13   14
 621    5    6   14   15
 622    5    6   15   16
 623    5    6   16   17
 624    5    6   17   18
 625    5    6   18   19
 626    5    6   19   20
 627    5    6   20   21
 628    5    6   21   22
 629    5    6   22   23
 630    5    6   23   24
 631    5    6   24   25
 632    5    6   25   26
 633    5    6   26   27
 634    5    6   27   28
 635    5    6   28   29
 636    5    6   29   30
 637    5    6   30   31
 638    5    6   31   32
 639    5    6   32   33
 640    5    6   33   34
 641    5    6   34   35
 642    5    6   35   36
 643    5    6   36   37
 644    5    6   37   38
 645    5    6   38   39
 646    5    6   39   40
 647    5    6   40   41
 648    5    6   41   42
 649    5    6   42   43
 650    5    6   43   44
 651    5    6   44   45
 652    5    6   45   46
 653    5    6   46   47
 654    5    6   47   48
 655    5    6   48   49
 656    5    6   49   50
 657    5    6   50   51
 658    5    6   51   52
 659    5    6   52   53
 660    5    6   53   54
 661    5    7    9   11
 662    5    7   11   13
 663    5    7   13   15
 664    5    7   15   17
 665    5    7   17   19
 666    5    7   19   21
 667    5    7   21   23
 668    5    7   23   25
 669    5    7   25   27
 670    5    7   27   29
 671    5    7   29   31
 672    5    7   31   33
 673    5    7   33   35
 674    5    7   35   37
 675    5    7   37   39
 676    5    7   39   41
 677    5    7   41   43
 678    5    7   43   45
 679    5    7   45   47
 680    5    7   47   49
 681    5    7   49   51
 682    5    7   51   53
 683    5    8    6    7
 684    5    8   11   14
 685    5    8   14   17
 686    5    8   17   20
 687    5    8   20   23
 688    5    8   23   26
 689    5    8   26   29
 690    5    8   29   32
 691    5    8   32   35
 692    5    8   35   38
 693    5    8   38   41
 694    5    8   41   44
 695    5    8   44   47
 696    5    8   47   50
 697    5    8   50   53
 698    5    9   13   17
 699    5    9   17   21
 700    5    9   21   25
 701    5    9   25   29
 702    5    9   29   33
 703    5    9   33   37
 704    5    9   37   41
 705    5    9   41   45
 706    5    9   45   49
 707    5    9   49   53
 708    5   10   15   20
 709    5   10   20   25
 710    5   10   25   30
 711    5   10   30   35
 712    5   10   35   40
 713    5   10   40   45
 714    5   10   45   50
 715    5   11    7    9
 716    5   11   17   23
 717    5   11   23   29
 718    5   11   29   35
 719    5   11   35   41
 720    5   11   41   47
 721    5   11   47   53
 722    5   12   19   26
 723    5   12   26   33
 724    5   12   33   40
 725    5   12   40   47
 726    5   12   47   54
 727    5   13   21   29
 728    5   13   29   37
 729    5   13   37   45
 730    5   13   45   53
 731    5   14    8   11
 732    5   14   23   32
 733    5   14   32   41
 734    5   14   41   50
 735    5   15   25   35
 736    5   15   35   45
 737    5   16   27   38
 738    5   16   38   49
 739    5   17    9   13
 740    5   17   29   41
 741    5   17   41   53
 742    5   18   31   44
 743    5   19   33   47
 744    5   20   10   15
 745    5   20   35   50
 746    5   21   37   53
 747    5   23   11   17
 748    5   26   12   19
 749    5   29   13   21
 750    5   32   14   23
 751    5   35   15   25
 752    5   38   16   27
 753    5   41   17   29
 754    5   44   18   31
 755    5   47   19   33
 756    5   50   20   35
 757    5   53   21   37
 758    6    7    8    9
 759    6    7    9   10
 760    6    7   10   11
 761    6    7   11   12
 762    6    7   12   13
 763    6    7   13   14
 764    6    7   14   15
 765    6    7   15   16
 766    6    7   16   17
 767    6    7   17   18
 768    6    7   18   19
 769    6    7   19   20
 770    6    7   20   21
 771    6    7   21   22
 772    6    7   22   23
 773    6    7   23   24
 774    6    7   24   25
 775    6    7   25   26
 776    6    7   26   27
 777    6    7   27   28
 778    6    7   28   29
 779    6    7   29   30
 780    6    7   30   31
 781    6    7   31   32
 782    6    7   32   33
 783    6    7   33   34
 784    6    7   34   35
 785    6    7   35   36
 786    6    7   36   37
 787    6    7   37   38
 788    6    7   38   39
 789    6    7   39   40
 790    6    7   40   41
 791    6    7   41   42
 792    6    7   42   43
 793    6    7   43   44
 794    6    7   44   45
 795    6    7   45   46
 796    6    7   46   47
 797    6    7   47   48
 798    6    7   48   49
 799    6    7   49   50
 800    6    7   50   51
 801    6    7   51   52
 802    6    7   52   53
 803    6    7   53   54
 804    6    8   10   12
 805    6    8   12   14
 806    6    8   14   16
 807    6    8   16   18
 808    6    8   18   20
 809    6    8   20   22
 810    6    8   22   24
 811    6    8   24   26
 812    6    8   26   28
 813    6    8   28   30
 814    6    8   30   32
 815    6    8   32   34
 816    6    8   34   36
 817    6    8   36   38
 818    6    8   38   40
 819    6    8   40   42
 820    6    8   42   44
 821    6    8   44   46
 822    6    8   46   48
 823    6    8   48   50
 824    6    8   50   52
 825    6    8   52   54
 826    6    9    7    8
 827    6    9   12   15
 828    6    9   15   18
 829    6    9   18   21
 830    6    9   21   24
 831    6    9   24   27
 832    6    9   27   30
 833    6    9   30   33
 834    6    9   33   36
 835    6    9   36   39
 836    6    9   39   42
 837    6    9   42   45
 838    6    9   45   48
 839    6    9   48   51
 840    6    9   51   54
 841    6   10   14   18
 842    6   10   18   22
 843    6   10   22   26
 844    6   10   26   30
 845    6   10   30   34
 846    6   10   34   38
 847    6   10   38   42
 848    6   10   42   46
 849    6   10   46   50
 850    6   10   50   54
 851    6   11   16   21
 852    6   11   21   26
 853    6   11   26   31
 854    6   11   31   36
 855    6   11   36   41
 856    6   11   41   46
 857    6   11   46   51
 858    6   12    8   10
 859    6   12   18   24
 860    6   12   24   30
 861    6   12   30   36
 862    6   12   36   42
 863    6   12   42   48
 864    6   12   48   54
 865    6   13   20   27
 866    6   13   27   34
 867    6   13   34   41
 868    6   13   41   48
 869    6   14   22   30
 870    6   14   30   38
 871    6   14   38   46
 872    6   14   46   54
 873    6   15    9   12
 874    6   15   24   33
 875    6   15   33   42
 876    6   15   42   51
 877    6   16   26   36
 878    6   16   36   46
 879    6   17   28   39
 880    6   17   39   50
 881    6   18   10   14
 882    6   18   30   42
 883    6   18   42   54
 884    6   19   32   45
 885    6   20   34   48
 886    6   21   11   16
 887    6   21   36   51
 888    6   22   38   54
 889    6   24   12   18
 890    6   27   13   20
 891    6   30   14   22
 892    6   33   15   24
 893    6   36   16   26
 894    6   39   17   28
 895    6   42   18   30
 896    6   45   19   32
 897    6   48   20   34
 898    6   51   21   36
 899    6   54   22   38
 900    7    8    9   10
 901    7    8   10   11
 902    7    8   11   12
 903    7    8   12   13
 904    7    8   13   14
 905    7    8   14   15
 906    7    8   15   16
 907    7    8   16   17
 908    7    8   17   18
 909    7    8   18   19
 910    7    8   19   20
 911    7    8   20   21
 912    7    8   21   22
 913    7    8   22   23
 914    7    8   23   24
 915    7    8   24   25
 916    7    8   25   26
 917    7    8   26   27
 918    7    8   27   28
 919    7    8   28   29
 920    7    8   29   30
 921    7    8   30   31
 922    7    8   31   32
 923    7    8   32   33
 924    7    8   33   34
 925    7    8   34   35
 926    7    8   35   36
 927    7    8   36   37
 928    7    8   37   38
 929    7    8   38   39
 930    7    8   39   40
 931    7    8   40   41
 932    7    8   41   42
 933    7    8   42   43
 934    7    8   43   44
 935    7    8   44   45
 936    7    8   45   46
 937    7    8   46   47
 938    7    8   47   48
 939    7    8   48   49
 940    7    8   49   50
 941    7    8   50   51
 942    7    8   51   52
 943    7    8   52   53
 944    7    8   53   54
 945    7    9   11   13
 946    7    9   13   15
 947    7    9   15   17
 948    7    9   17   19
 949    7    9   19   21
 950    7    9   21   23
 951    7    9   23   25
 952    7    9   25   27
 953    7    9   27   29
 954    7    9   29   31
 955    7    9   31   33
 956    7    9   33   35
 957    7    9   35   37
 958    7    9   37   39
 959    7    9   39   41
 960    7    9   41   43
 961    7    9   43   45
 962    7    9   45   47
 963    7    9   47   49
 964    7    9   49   51
 965    7    9   51   53
 966    7   10    8    9
 967    7   10   13   16
 968    7   10   16   19
 969    7   10   19   22
 970    7   10   22   25
 971    7   10   25   28
 972    7   10   28   31
 973    7   10   31   34
 974    7   10   34   37
 975    7   10   37   40
 976    7   10   40   43
 977    7   10   43   46
 978    7   10   46   49
 979    7   10   49   52
 980    7   11   15   19
 981    7   11   19   23
 982    7   11   23   27
 983    7   11   27   31
 984    7   11   31   35
 985    7   11   35   39
 986    7   11   39   43
 987    7   11   43   47
 988    7   11   47   51
 989    7   12   17   22
 990    7   12   22   27
 991    7   12   27   32
 992    7   12   32   37
 993    7   12   37   42
 994    7   12   42   47
 995    7   12   47   52
 996    7   13    9   11
 997    7   13   19   25
 998    7   13   25   31
 999    7   13   31   37
1000    7   13   37   43
1001    7   13   43   49
1002    7   14   21   28
1003    7   14   28   35
1004    7   14   35   42
1005    7   14   42   49
1006    7   15   23   31
1007    7   15   31   39
1008    7   15   39   47
1009    7   16   10   13
1010    7   16   25   34
1011    7   16   34   43
1012    7   16   43   52
1013    7   17   27   37
1014    7   17   37   47
1015    7   18   29   40
1016    7   18   40   51
1017    7   19   11   15
1018    7   19   31   43
1019    7   20   33   46
1020    7   21   35   49
1021    7   22   12   17
1022    7   22   37   52
1023    7   25   13   19
1024    7   28   14   21
1025    7   31   15   23
1026    7   34   16   25
1027    7   37   17   27
1028    7   40   18   29
1029    7   43   19   31
1030    7   46   20   33
1031    7   49   21   35
1032    7   52   22   37
1033    8    9   10   11
1034    8    9   11   12
1035    8    9   12   13
1036    8    9   13   14
1037    8    9   14   15
1038    8    9   15   16
1039    8    9   16   17
1040    8    9   17   18
1041    8    9   18   19
1042    8    9   19   20
1043    8    9   20   21
1044    8    9   21   22
1045    8    9   22   23
1046    8    9   23   24
1047    8    9   24   25
1048    8    9   25   26
1049    8    9   26   27
1050    8    9   27   28
1051    8    9   28   29
1052    8    9   29   30
1053    8    9   30   31
1054    8    9   31   32
1055    8    9   32   33
1056    8    9   33   34
1057    8    9   34   35
1058    8    9   35   36
1059    8    9   36   37
1060    8    9   37   38
1061    8    9   38   39
1062    8    9   39   40
1063    8    9   40   41
1064    8    9   41   42
1065    8    9   42   43
1066    8    9   43   44
1067    8    9   44   45
1068    8    9   45   46
1069    8    9   46   47
1070    8    9   47   48
1071    8    9   48   49
1072    8    9   49   50
1073    8    9   50   51
1074    8    9   51   52
1075    8    9   52   53
1076    8    9   53   54
1077    8   10   12   14
1078    8   10   14   16
1079    8   10   16   18
1080    8   10   18   20
1081    8   10   20   22
1082    8   10   22   24
1083    8   10   24   26
1084    8   10   26   28
1085    8   10   28   30
1086    8   10   30   32
1087    8   10   32   34
1088    8   10   34   36
1089    8   10   36   38
1090    8   10   38   40
1091    8   10   40   42
1092    8   10   42   44
1093    8   10   44   46
1094    8   10   46   48
1095    8   10   48   50
1096    8   10   50   52
1097    8   10   52   54
1098    8   11    9   10
1099    8   11   14   17
1100    8   11   17   20
1101    8   11   20   23
1102    8   11   23   26
1103    8   11   26   29
1104    8   11   29   32
1105    8   11   32   35
1106    8   11   35   38
1107    8   11   38   41
1108    8   11   41   44
1109    8   11   44   47
1110    8   11   47   50
1111    8   11   50   53
1112    8   12   16   20
1113    8   12   20   24
1114    8   12   24   28
1115    8   12   28   32
1116    8   12   32   36
1117    8   12   36   40
1118    8   12   40   44
1119    8   12   44   48
1120    8   12   48   52
1121    8   13   18   23
1122    8   13   23   28
1123    8   13   28   33
1124    8   13   33   38
1125    8   13   38   43
1126    8   13   43   48
1127    8   13   48   53
1128    8   14   10   12
1129    8   14   20   26
1130    8   14   26   32
1131    8   14   32   38
1132    8   14   38   44
1133    8   14   44   50
1134    8   15   22   29
1135    8   15   29   36
1136    8   15   36   43
1137    8   15   43   50
1138    8   16   24   32
1139    8   16   32   40
1140    8   16   40   48
1141    8   17   11   14
1142    8   17   26   35
1143    8   17   35   44
1144    8   17   44   53
1145    8   18   28   38
1146    8   18   38   48
1147    8   19   30   41
1148    8   19   41   52
1149    8   20   12   16
1150    8   20   32   44
1151    8   21   34   47
1152    8   22   36   50
1153    8   23   13   18
1154    8   23   38   53
1155    8   26   14   20
1156    8   29   15   22
1157    8   32   16   24
1158    8   35   17   26
1159    8   38   18   28
1160    8   41   19   30
1161    8   44   20   32
1162    8   47   21   34
1163    8   50   22   36
1164    8   53   23   38
1165    9   10   11   12
1166    9   10   12   13
1167    9   10   13   14
1168    9   10   14   15
1169    9   10   15   16
1170    9   10   16   17
1171    9   10   17   18
1172    9   10   18   19
1173    9   10   19   20
1174    9   10   20   21
1175    9   10   21   22
1176    9   10   22   23
1177    9   10   23   24
1178    9   10   24   25
1179    9   10   25   26
1180    9   10   26   27
1181    9   10   27   28
1182    9   10   28   29
1183    9   10   29   30
1184    9   10   30   31
1185    9   10   31   32
1186    9   10   32   33
1187    9   10   33   34
1188    9   10   34   35
1189    9   10   35   36
1190    9   10   36   37
1191    9   10   37   38
1192    9   10   38   39
1193    9   10   39   40
1194    9   10   40   41
1195    9   10   41   42
1196    9   10   42   43
1197    9   10   43   44
1198    9   10   44   45
1199    9   10   45   46
1200    9   10   46   47
1201    9   10   47   48
1202    9   10   48   49
1203    9   10   49   50
1204    9   10   50   51
1205    9   10   51   52
1206    9   10   52   53
1207    9   10   53   54
1208    9   11   13   15
1209    9   11   15   17
1210    9   11   17   19
1211    9   11   19   21
1212    9   11   21   23
1213    9   11   23   25
1214    9   11   25   27
1215    9   11   27   29
1216    9   11   29   31
1217    9   11   31   33
1218    9   11   33   35
1219    9   11   35   37
1220    9   11   37   39
1221    9   11   39   41
1222    9   11   41   43
1223    9   11   43   45
1224    9   11   45   47
1225    9   11   47   49
1226    9   11   49   51
1227    9   11   51   53
1228    9   12   10   11
1229    9   12   15   18
1230    9   12   18   21
1231    9   12   21   24
1232    9   12   24   27
1233    9   12   27   30
1234    9   12   30   33
1235    9   12   33   36
1236    9   12   36   39
1237    9   12   39   42
1238    9   12   42   45
1239    9   12   45   48
1240    9   12   48   51
1241    9   12   51   54
1242    9   13   17   21
1243    9   13   21   25
1244    9   13   25   29
1245    9   13   29   33
1246    9   13   33   37
1247    9   13   37   41
1248    9   13   41   45
1249    9   13   45   49
1250    9   13   49   53
1251    9   14   19   24
1252    9   14   24   29
1253    9   14   29   34
1254    9   14   34   39
1255    9   14   39   44
1256    9   14   44   49
1257    9   14   49   54
1258    9   15   11   13
1259    9   15   21   27
1260    9   15   27   33
1261    9   15   33   39
1262    9   15   39   45
1263    9   15   45   51
1264    9   16   23   30
1265    9   16   30   37
1266    9   16   37   44
1267    9   16   44   51
1268    9   17   25   33
1269    9   17   33   41
1270    9   17   41   49
1271    9   18   12   15
1272    9   18   27   36
1273    9   18   36   45
1274    9   18   45   54
1275    9   19   29   39
1276    9   19   39   49
1277    9   20   31   42
1278    9   20   42   53
1279    9   21   13   17
1280    9   21   33   45
1281    9   22   35   48
1282    9   23   37   51
1283    9   24   14   19
1284    9   24   39   54
1285    9   27   15   21
1286    9   30   16   23
1287    9   33   17   25
1288    9   36   18   27
1289    9   39   19   29
1290    9   42   20   31
1291    9   45   21   33
1292    9   48   22   35
1293    9   51   23   37
1294    9   54   24   39
1295   10   11   12   13
1296   10   11   13   14
1297   10   11   14   15
1298   10   11   15   16
1299   10   11   16   17
1300   10   11   17   18
1301   10   11   18   19
1302   10   11   19   20
1303   10   11   20   21
1304   10   11   21   22
1305   10   11   22   23
1306   10   11   23   24
1307   10   11   24   25
1308   10   11   25   26
1309   10   11   26   27
1310   10   11   27   28
1311   10   11   28   29
1312   10   11   29   30
1313   10   11   30   31
1314   10   11   31   32
1315   10   11   32   33
1316   10   11   33   34
1317   10   11   34   35
1318   10   11   35   36
1319   10   11   36   37
1320   10   11   37   38
1321   10   11   38   39
1322   10   11   39   40
1323   10   11   40   41
1324   10   11   41   42
1325   10   11   42   43
1326   10   11   43   44
1327   10   11   44   45
1328   10   11   45   46
1329   10   11   46   47
1330   10   11   47   48
1331   10   11   48   49
1332   10   11   49   50
1333   10   11   50   51
1334   10   11   51   52
1335   10   11   52   53
1336   10   11   53   54
1337   10   12   14   16
1338   10   12   16   18
1339   10   12   18   20
1340   10   12   20   22
1341   10   12   22   24
1342   10   12   24   26
1343   10   12   26   28
1344   10   12   28   30
1345   10   12   30   32
1346   10   12   32   34
1347   10   12   34   36
1348   10   12   36   38
1349   10   12   38   40
1350   10   12   40   42
1351   10   12   42   44
1352   10   12   44   46
1353   10   12   46   48
1354   10   12   48   50
1355   10   12   50   52
1356   10   12   52   54
1357   10   13   11   12
1358   10   13   16   19
1359   10   13   19   22
1360   10   13   22   25
1361   10   13   25   28
1362   10   13   28   31
1363   10   13   31   34
1364   10   13   34   37
1365   10   13   37   40
1366   10   13   40   43
1367   10   13   43   46
1368   10   13   46   49
1369   10   13   49   52
1370   10   14   18   22
1371   10   14   22   26
1372   10   14   26   30
1373   10   14   30   34
1374   10   14   34   38
1375   10   14   38   42
1376   10   14   42   46
1377   10   14   46   50
1378   10   14   50   54
1379   10   15   20   25
1380   10   15   25   30
1381   10   15   30   35
1382   10   15   35   40
1383   10   15   40   45
1384   10   15   45   50
1385   10   16   12   14
1386   10   16   22   28
1387   10   16   28   34
1388   10   16   34   40
1389   10   16   40   46
1390   10   16   46   52
1391   10   17   24   31
1392   10   17   31   38
1393   10   17   38   45
1394   10   17   45   52
1395   10   18   26   34
1396   10   18   34   42
1397   10   18   42   50
1398   10   19   13   16
1399   10   19   28   37
1400   10   19   37   46
1401   10   20   30   40
1402   10   20   40   50
1403   10   21   32   43
1404   10   21   43   54
1405   10   22   14   18
1406   10   22   34   46
1407   10   23   36   49
1408   10   24   38   52
1409   10   25   15   20
1410   10   28   16   22
1411   10   31   17   24
1412   10   34   18   26
1413   10   37   19   28
1414   10   40   20   30
1415   10   43   21   32
1416   10   46   22   34
1417   10   49   23   36
1418   10   52   24   38
1419   11   12   13   14
1420   11   12   14   15
1421   11   12   15   16
1422   11   12   16   17
1423   11   12   17   18
1424   11   12   18   19
1425   11   12   19   20
1426   11   12   20   21
1427   11   12   21   22
1428   11   12   22   23
1429   11   12   23   24
1430   11   12   24   25
1431   11   12   25   26
1432   11   12   26   27
1433   11   12   27   28
1434   11   12   28   29
1435   11   12   29   30
1436   11   12   30   31
1437   11   12   31   32
1438   11   12   32   33
1439   11   12   33   34
1440   11   12   34   35
1441   11   12   35   36
1442   11   12   36   37
1443   11   12   37   38
1444   11   12   38   39
1445   11   12   39   40
1446   11   12   40   41
1447   11   12   41   42
1448   11   12   42   43
1449   11   12   43   44
1450   11   12   44   45
1451   11   12   45   46
1452   11   12   46   47
1453   11   12   47   48
1454   11   12   48   49
1455   11   12   49   50
1456   11   12   50   51
1457   11   12   51   52
1458   11   12   52   53
1459   11   12   53   54
1460   11   13   15   17
1461   11   13   17   19
1462   11   13   19   21
1463   11   13   21   23
1464   11   13   23   25
1465   11   13   25   27
1466   11   13   27   29
1467   11   13   29   31
1468   11   13   31   33
1469   11   13   33   35
1470   11   13   35   37
1471   11   13   37   39
1472   11   13   39   41
1473   11   13   41   43
1474   11   13   43   45
1475   11   13   45   47
1476   11   13   47   49
1477   11   13   49   51
1478   11   13   51   53
1479   11   14   12   13
1480   11   14   17   20
1481   11   14   20   23
1482   11   14   23   26
1483   11   14   26   29
1484   11   14   29   32
1485   11   14   32   35
1486   11   14   35   38
1487   11   14   38   41
1488   11   14   41   44
1489   11   14   44   47
1490   11   14   47   50
1491   11   14   50   53
1492   11   15   19   23
1493   11   15   23   27
1494   11   15   27   31
1495   11   15   31   35
1496   11   15   35   39
1497   11   15   39   43
1498   11   15   43   47
1499   11   15   47   51
1500   11   16   21   26
1501   11   16   26   31
1502   11   16   31   36
1503   11   16   36   41
1504   11   16   41   46
1505   11   16   46   51
1506   11   17   13   15
1507   11   17   23   29
1508   11   17   29   35
1509   11   17   35   41
1510   11   17   41   47
1511   11   17   47   53
1512   11   18   25   32
1513   11   18   32   39
1514   11   18   39   46
1515   11   18   46   53
1516   11   19   27   35
1517   11   19   35   43
1518   11   19   43   51
1519   11   20   14   17
1520   11   20   29   38
1521   11   20   38   47
1522   11   21   31   41
1523   11   21   41   51
1524   11   22   33   44
1525   11   23   15   19
1526   11   23   35   47
1527   11   24   37   50
1528   11   25   39   53
1529   11   26   16   21
1530   11   29   17   23
1531   11   32   18   25
1532   11   35   19   27
1533   11   38   20   29
1534   11   41   21   31
1535   11   44   22   33
1536   11   47   23   35
1537   11   50   24   37
1538   11   53   25   39
1539   12   13   14   15
1540   12   13   15   16
1541   12   13   16   17
1542   12   13   17   18
1543   12   13   18   19
1544   12   13   19   20
1545   12   13   20   21
1546   12   13   21   22
1547   12   13   22   23
1548   12   13   23   24
1549   12   13   24   25
1550   12   13   25   26
1551   12   13   26   27
1552   12   13   27   28
1553   12   13   28   29
1554   12   13   29   30
1555   12   13   30   31
1556   12   13   31   32
1557   12   13   32   33
1558   12   13   33   34
1559   12   13   34   35
1560   12   13   35   36
1561   12   13   36   37
1562   12   13   37   38
1563   12   13   38   39
1564   12   13   39   40
1565   12   13   40   41
1566   12   13   41   42
1567   12   13   42   43
1568   12   13   43   44
1569   12   13   44   45
1570   12   13   45   46
1571   12   13   46   47
1572   12   13   47   48
1573   12   13   48   49
1574   12   13   49   50
1575   12   13   50   51
1576   12   13   51   52
1577   12   13   52   53
1578   12   13   53   54
1579   12   14   16   18
1580   12   14   18   20
1581   12   14   20   22
1582   12   14   22   24
1583   12   14   24   26
1584   12   14   26   28
1585   12   14   28   30
1586   12   14   30   32
1587   12   14   32   34
1588   12   14   34   36
1589   12   14   36   38
1590   12   14   38   40
1591   12   14   40   42
1592   12   14   42   44
1593   12   14   44   46
1594   12   14   46   48
1595   12   14   48   50
1596   12   14   50   52
1597   12   14   52   54
1598   12   15   13   14
1599   12   15   18   21
1600   12   15   21   24
1601   12   15   24   27
1602   12   15   27   30
1603   12   15   30   33
1604   12   15   33   36
1605   12   15   36   39
1606   12   15   39   42
1607   12   15   42   45
1608   12   15   45   48
1609   12   15   48   51
1610   12   15   51   54
1611   12   16   20   24
1612   12   16   24   28
1613   12   16   28   32
1614   12   16   32   36
1615   12   16   36   40
1616   12   16   40   44
1617   12   16   44   48
1618   12   16   48   52
1619   12   17   22   27
1620   12   17   27   32
1621   12   17   32   37
1622   12   17   37   42
1623   12   17   42   47
1624   12   17   47   52
1625   12   18   14   16
1626   12   18   24   30
1627   12   18   30   36
1628   12   18   36   42
1629   12   18   42   48
1630   12   18   48   54
1631   12   19   26   33
1632   12   19   33   40
1633   12   19   40   47
1634   12   19   47   54
1635   12   20   28   36
1636   12   20   36   44
1637   12   20   44   52
1638   12   21   15   18
1639   12   21   30   39
1640   12   21   39   48
1641   12   22   32   42
1642   12   22   42   52
1643   12   23   34   45
1644   12   24   16   20
1645   12   24   36   48
1646   12   25   38   51
1647   12   26   40   54
1648   12   27   17   22
1649   12   30   18   24
1650   12   33   19   26
1651   12   36   20   28
1652   12   39   21   30
1653   12   42   22   32
1654   12   45   23   34
1655   12   48   24   36
1656   12   51   25   38
1657   12   54   26   40
1658   13   14   15   16
1659   13   14   16   17
1660   13   14   17   18
1661   13   14   18   19
1662   13   14   19   20
1663   13   14   20   21
1664   13   14   21   22
1665   13   14   22   23
1666   13   14   23   24
1667   13   14   24   25
1668   13   14   25   26
1669   13   14   26   27
1670   13   14   27   28
1671   13   14   28   29
1672   13   14   29   30
1673   13   14   30   31
1674   13   14   31   32
1675   13   14   32   33
1676   13   14   33   34
1677   13   14   34   35
1678   13   14   35   36
1679   13   14   36   37
1680   13   14   37   38
1681   13   14   38   39
1682   13   14   39   40
1683   13   14   40   41
1684   13   14   41   42
1685   13   14   42   43
1686   13   14   43   44
1687   13   14   44   45
1688   13   14   45   46
1689   13   14   46   47
1690   13   14   47   48
1691   13   14   48   49
1692   13   14   49   50
1693   13   14   50   51
1694   13   14   51   52
1695   13   14   52   53
1696   13   14   53   54
1697   13   15   17   19
1698   13   15   19   21
1699   13   15   21   23
1700   13   15   23   25
1701   13   15   25   27
1702   13   15   27   29
1703   13   15   29   31
1704   13   15   31   33
1705   13   15   33   35
1706   13   15   35   37
1707   13   15   37   39
1708   13   15   39   41
1709   13   15   41   43
1710   13   15   43   45
1711   13   15   45   47
1712   13   15   47   49
1713   13   15   49   51
1714   13   15   51   53
1715   13   16   14   15
1716   13   16   19   22
1717   13   16   22   25
1718   13   16   25   28
1719   13   16   28   31
1720   13   16   31   34
1721   13   16   34   37
1722   13   16   37   40
1723   13   16   40   43
1724   13   16   43   46
1725   13   16   46   49
1726   13   16   49   52
1727   13   17   21   25
1728   13   17   25   29
1729   13   17   29   33
1730   13   17   33   37
1731   13   17   37   41
1732   13   17   41   45
1733   13   17   45   49
1734   13   17   49   53
1735   13   18   23   28
1736   13   18   28   33
1737   13   18   33   38
1738   13   18   38   43
1739   13   18   43   48
1740   13   18   48   53
1741   13   19   15   17
1742   13   19   25   31
1743   13   19   31   37
1744   13   19   37   43
1745   13   19   43   49
1746   13   20   27   34
1747   13   20   34   41
1748   13   20   41   48
1749   13   21   29   37
1750   13   21   37   45
1751   13   21   45   53
1752   13   22   16   19
1753   13   22   31   40
1754   13   22   40   49
1755   13   23   33   43
1756   13   23   43   53
1757   13   24   35   46
1758   13   25   17   21
1759   13   25   37   49
1760   13   26   39   52
1761   13   28   18   23
1762   13   31   19   25
1763   13   34   20   27
1764   13   37   21   29
1765   13   40   22   31
1766   13   43   23   33
1767   13   46   24   35
1768   13   49   25   37
1769   13   52   26   39
1770   14   15   16   17
1771   14   15   17   18
1772   14   15   18   19
1773   14   15   19   20
1774   14   15   20   21
1775   14   15   21   22
1776   14   15   22   23
1777   14   15   23   24
1778   14   15   24   25
1779   14   15   25   26
1780   14   15   26   27
1781   14   15   27   28
1782   14   15   28   29
1783   14   15   29   30
1784   14   15   30   31
1785   14   15   31   32
1786   14   15   32   33
1787   14   15   33   34
1788   14   15   34   35
1789   14   15   35   36
1790   14   15   36   37
1791   14   15   37   38
1792   14   15   38   39
1793   14   15   39   40
1794   14   15   40   41
1795   14   15   41   42
1796   14   15   42   43
1797   14   15   43   44
1798   14   15   44   45
1799   14   15   45   46
1800   14   15   46   47
1801   14   15   47   48
1802   14   15   48   49
1803   14   15   49   50
1804   14   15   50   51
1805   14   15   51   52
1806   14   15   52   53
1807   14   15   53   54
1808   14   16   18   20
1809   14   16   20   22
1810   14   16   22   24
1811   14   16   24   26
1812   14   16   26   28
1813   14   16   28   30
1814   14   16   30   32
1815   14   16   32   34
1816   14   16   34   36
1817   14   16   36   38
1818   14   16   38   40
1819   14   16   40   42
1820   14   16   42   44
1821   14   16   44   46
1822   14   16   46   48
1823   14   16   48   50
1824   14   16   50   52
1825   14   16   52   54
1826   14   17   15   16
1827   14   17   20   23
1828   14   17   23   26
1829   14   17   26   29
1830   14   17   29   32
1831   14   17   32   35
1832   14   17   35   38
1833   14   17   38   41
1834   14   17   41   44
1835   14   17   44   47
1836   14   17   47   50
1837   14   17   50   53
1838   14   18   22   26
1839   14   18   26   30
1840   14   18   30   34
1841   14   18   34   38
1842   14   18   38   42
1843   14   18   42   46
1844   14   18   46   50
1845   14   18   50   54
1846   14   19   24   29
1847   14   19   29   34
1848   14   19   34   39
1849   14   19   39   44
1850   14   19   44   49
1851   14   19   49   54
1852   14   20   16   18
1853   14   20   26   32
1854   14   20   32   38
1855   14   20   38   44
1856   14   20   44   50
1857   14   21   28   35
1858   14   21   35   42
1859   14   21   42   49
1860   14   22   30   38
1861   14   22   38   46
1862   14   22   46   54
1863   14   23   17   20
1864   14   23   32   41
1865   14   23   41   50
1866   14   24   34   44
1867   14   24   44   54
1868   14   25   36   47
1869   14   26   18   22
1870   14   26   38   50
1871   14   27   40   53
1872   14   29   19   24
1873   14   32   20   26
1874   14   35   21   28
1875   14   38   22   30
1876   14   41   23   32
1877   14   44   24   34
1878   14   47   25   36
1879   14   50   26   38
1880   14   53   27   40
1881   15   16   17   18
1882   15   16   18   19
1883   15   16   19   20
1884   15   16   20   21
1885   15   16   21   22
1886   15   16   22   23
1887   15   16   23   24
1888   15   16   24   25
1889   15   16   25   26
1890   15   16   26   27
1891   15   16   27   28
1892   15   16   28   29
1893   15   16   29   30
1894   15   16   30   31
1895   15   16   31   32
1896   15   16   32   33
1897   15   16   33   34
1898   15   16   34   35
1899   15   16   35   36
1900   15   16   36   37
1901   15   16   37   38
1902   15   16   38   39
1903   15   16   39   40
1904   15   16   40   41
1905   15   16   41   42
1906   15   16   42   43
1907   15   16   43   44
1908   15   16   44   45
1909   15   16   45   46
1910   15   16   46   47
1911   15   16   47   48
1912   15   16   48   49
1913   15   16   49   50
1914   15   16   50   51
1915   15   16   51   52
1916   15   16   52   53
1917   15   16   53   54
1918   15   17   19   21
1919   15   17   21   23
1920   15   17   23   25
1921   15   17   25   27
1922   15   17   27   29
1923   15   17   29   31
1924   15   17   31   33
1925   15   17   33   35
1926   15   17   35   37
1927   15   17   37   39
1928   15   17   39   41
1929   15   17   41   43
1930   15   17   43   45
1931   15   17   45   47
1932   15   17   47   49
1933   15   17   49   51
1934   15   17   51   53
1935   15   18   16   17
1936   15   18   21   24
1937   15   18   24   27
1938   15   18   27   30
1939   15   18   30   33
1940   15   18   33   36
1941   15   18   36   39
1942   15   18   39   42
1943   15   18   42   45
1944   15   18   45   48
1945   15   18   48   51
1946   15   18   51   54
1947   15   19   23   27
1948   15   19   27   31
1949   15   19   31   35
1950   15   19   35   39
1951   15   19   39   43
1952   15   19   43   47
1953   15   19   47   51
1954   15   20   25   30
1955   15   20   30   35
1956   15   20   35   40
1957   15   20   40   45
1958   15   20   45   50
1959   15   21   17   19
1960   15   21   27   33
1961   15   21   33   39
1962   15   21   39   45
1963   15   21   45   51
1964   15   22   29   36
1965   15   22   36   43
1966   15   22   43   50
1967   15   23   31   39
1968   15   23   39   47
1969   15   24   18   21
1970   15   24   33   42
1971   15   24   42   51
1972   15   25   35   45
1973   15   26   37   48
1974   15   27   19   23
1975   15   27   39   51
1976   15   28   41   54
1977   15   30   20   25
1978   15   33   21   27
1979   15   36   22   29
1980   15   39   23   31
1981   15   42   24   33
1982   15   45   25   35
1983   15   48   26   37
1984   15   51   27   39
1985   15   54   28   41
1986   16   17   18   19
1987   16   17   19   20
1988   16   17   20   21
1989   16   17   21   22
1990   16   17   22   23
1991   16   17   23   24
1992   16   17   24   25
1993   16   17   25   26
1994   16   17   26   27
1995   16   17   27   28
1996   16   17   28   29
1997   16   17   29   30
1998   16   17   30   31
1999   16   17   31   32
2000   16   17   32   33
2001   16   17   33   34
2002   16   17   34   35
2003   16   17   35   36
2004   16   17   36   37
2005   16   17   37   38
2006   16   17   38   39
2007   16   17   39   40
2008   16   17   40   41
2009   16   17   41   42
2010   16   17   42   43
2011   16   17   43   44
2012   16   17   44   45
2013   16   17   45   46
2014   16   17   46   47
2015   16   17   47   48
2016   16   17   48   49
2017   16   17   49   50
2018   16   17   50   51
2019   16   17   51   52
2020   16   17   52   53
2021   16   17   53   54
2022   16   18   20   22
2023   16   18   22   24
2024   16   18   24   26
2025   16   18   26   28
2026   16   18   28   30
2027   16   18   30   32
2028   16   18   32   34
2029   16   18   34   36
2030   16   18   36   38
2031   16   18   38   40
2032   16   18   40   42
2033   16   18   42   44
2034   16   18   44   46
2035   16   18   46   48
2036   16   18   48   50
2037   16   18   50   52
2038   16   18   52   54
2039   16   19   17   18
2040   16   19   22   25
2041   16   19   25   28
2042   16   19   28   31
2043   16   19   31   34
2044   16   19   34   37
2045   16   19   37   40
2046   16   19   40   43
2047   16   19   43   46
2048   16   19   46   49
2049   16   19   49   52
2050   16   20   24   28
2051   16   20   28   32
2052   16   20   32   36
2053   16   20   36   40
2054   16   20   40   44
2055   16   20   44   48
2056   16   20   48   52
2057   16   21   26   31
2058   16   21   31   36
2059   16   21   36   41
2060   16   21   41   46
2061   16   21   46   51
2062   16   22   18   20
2063   16   22   28   34
2064   16   22   34   40
2065   16   22   40   46
2066   16   22   46   52
2067   16   23   30   37
2068   16   23   37   44
2069   16   23   44   51
2070   16   24   32   40
2071   16   24   40   48
2072   16   25   19   22
2073   16   25   34   43
2074   16   25   43   52
2075   16   26   36   46
2076   16   27   38   49
2077   16   28   20   24
2078   16   28   40   52
2079   16   31   21   26
2080   16   34   22   28
2081   16   37   23   30
2082   16   40   24   32
2083   16   43   25   34
2084   16   46   26   36
2085   16   49   27   38
2086   16   52   28   40
2087   17   18   19   20
2088   17   18   20   21
2089   17   18   21   22
2090   17   18   22   23
2091   17   18   23   24
2092   17   18   24   25
2093   17   18   25   26
2094   17   18   26   27
2095   17   18   27   28
2096   17   18   28   29
2097   17   18   29   30
2098   17   18   30   31
2099   17   18   31   32
2100   17   18   32   33
2101   17   18   33   34
2102   17   18   34   35
2103   17   18   35   36
2104   17   18   36   37
2105   17   18   37   38
2106   17   18   38   39
2107   17   18   39   40
2108   17   18   40   41
2109   17   18   41   42
2110   17   18   42   43
2111   17   18   43   44
2112   17   18   44   45
2113   17   18   45   46
2114   17   18   46   47
2115   17   18   47   48
2116   17   18   48   49
2117   17   18   49   50
2118   17   18   50   51
2119   17   18   51   52
2120   17   18   52   53
2121   17   18   53   54
2122   17   19   21   23
2123   17   19   23   25
2124   17   19   25   27
2125   17   19   27   29
2126   17   19   29   31
2127   17   19   31   33
2128   17   19   33   35
2129   17   19   35   37
2130   17   19   37   39
2131   17   19   39   41
2132   17   19   41   43
2133   17   19   43   45
2134   17   19   45   47
2135   17   19   47   49
2136   17   19   49   51
2137   17   19   51   53
2138   17   20   18   19
2139   17   20   23   26
2140   17   20   26   29
2141   17   20   29   32
2142   17   20   32   35
2143   17   20   35   38
2144   17   20   38   41
2145   17   20   41   44
2146   17   20   44   47
2147   17   20   47   50
2148   17   20   50   53
2149   17   21   25   29
2150   17   21   29   33
2151   17   21   33   37
2152   17   21   37   41
2153   17   21   41   45
2154   17   21   45   49
2155   17   21   49   53
2156   17   22   27   32
2157   17   22   32   37
2158   17   22   37   42
2159   17   22   42   47
2160   17   22   47   52
2161   17   23   19   21
2162   17   23   29   35
2163   17   23   35   41
2164   17   23   41   47
2165   17   23   47   53
2166   17   24   31   38
2167   17   24   38   45
2168   17   24   45   52
2169   17   25   33   41
2170   17   25   41   49
2171   17   26   20   23
2172   17   26   35   44
2173   17   26   44   53
2174   17   27   37   47
2175   17   28   39   50
2176   17   29   21   25
2177   17   29   41   53
2178   17   32   22   27
2179   17   35   23   29
2180   17   38   24   31
2181   17   41   25   33
2182   17   44   26   35
2183   17   47   27   37
2184   17   50   28   39
2185   17   53   29   41
2186   18   19   20   21
2187   18   19   21   22
2188   18   19   22   23
2189   18   19   23   24
2190   18   19   24   25
2191   18   19   25   26
2192   18   19   26   27
2193   18   19   27   28
2194   18   19   28   29
2195   18   19   29   30
2196   18   19   30   31
2197   18   19   31   32
2198   18   19   32   33
2199   18   19   33   34
2200   18   19   34   35
2201   18   19   35   36
2202   18   19   36   37
2203   18   19   37   38
2204   18   19   38   39
2205   18   19   39   40
2206   18   19   40   41
2207   18   19   41   42
2208   18   19   42   43
2209   18   19   43   44
2210   18   19   44   45
2211   18   19   45   46
2212   18   19   46   47
2213   18   19   47   48
2214   18   19   48   49
2215   18   19   49   50
2216   18   19   50   51
2217   18   19   51   52
2218   18   19   52   53
2219   18   19   53   54
2220   18   20   22   24
2221   18   20   24   26
2222   18   20   26   28
2223   18   20   28   30
2224   18   20   30   32
2225   18   20   32   34
2226   18   20   34   36
2227   18   20   36   38
2228   18   20   38   40
2229   18   20   40   42
2230   18   20   42   44
2231   18   20   44   46
2232   18   20   46   48
2233   18   20   48   50
2234   18   20   50   52
2235   18   20   52   54
2236   18   21   19   20
2237   18   21   24   27
2238   18   21   27   30
2239   18   21   30   33
2240   18   21   33   36
2241   18   21   36   39
2242   18   21   39   42
2243   18   21   42   45
2244   18   21   45   48
2245   18   21   48   51
2246   18   21   51   54
2247   18   22   26   30
2248   18   22   30   34
2249   18   22   34   38
2250   18   22   38   42
2251   18   22   42   46
2252   18   22   46   50
2253   18   22   50   54
2254   18   23   28   33
2255   18   23   33   38
2256   18   23   38   43
2257   18   23   43   48
2258   18   23   48   53
2259   18   24   20   22
2260   18   24   30   36
2261   18   24   36   42
2262   18   24   42   48
2263   18   24   48   54
2264   18   25   32   39
2265   18   25   39   46
2266   18   25   46   53
2267   18   26   34   42
2268   18   26   42   50
2269   18   27   21   24
2270   18   27   36   45
2271   18   27   45   54
2272   18   28   38   48
2273   18   29   40   51
2274   18   30   22   26
2275   18   30   42   54
2276   18   33   23   28
2277   18   36   24   30
2278   18   39   25   32
2279   18   42   26   34
2280   18   45   27   36
2281   18   48   28   38
2282   18   51   29   40
2283   18   54   30   42
2284   19   20   21   22
2285   19   20   22   23
2286   19   20   23   24
2287   19   20   24   25
2288   19   20   25   26
2289   19   20   26   27
2290   19   20   27   28
2291   19   20   28   29
2292   19   20   29   30
2293   19   20   30   31
2294   19   20   31   32
2295   19   20   32   33
2296   19   20   33   34
2297   19   20   34   35
2298   19   20   35   36
2299   19   20   36   37
2300   19   20   37   38
2301   19   20   38   39
2302   19   20   39   40
2303   19   20   40   41
2304   19   20   41   42
2305   19   20   42   43
2306   19   20   43   44
2307   19   20   44   45
2308   19   20   45   46
2309   19   20   46   47
2310   19   20   47   48
2311   19   20   48   49
2312   19   20   49   50
2313   19   20   50   51
2314   19   20   51   52
2315   19   20   52   53
2316   19   20   53   54
2317   19   21   23   25
2318   19   21   25   27
2319   19   21   27   29
2320   19   21   29   31
2321   19   21   31   33
2322   19   21   33   35
2323   19   21   35   37
2324   19   21   37   39
2325   19   21   39   41
2326   19   21   41   43
2327   19   21   43   45
2328   19   21   45   47
2329   19   21   47   49
2330   19   21   49   51
2331   19   21   51   53
2332   19   22   20   21
2333   19   22   25   28
2334   19   22   28   31
2335   19   22   31   34
2336   19   22   34   37
2337   19   22   37   40
2338   19   22   40   43
2339   19   22   43   46
2340   19   22   46   49
2341   19   22   49   52
2342   19   23   27   31
2343   19   23   31   35
2344   19   23   35   39
2345   19   23   39   43
2346   19   23   43   47
2347   19   23   47   51
2348   19   24   29   34
2349   19   24   34   39
2350   19   24   39   44
2351   19   24   44   49
2352   19   24   49   54
2353   19   25   21   23
2354   19   25   31   37
2355   19   25   37   43
2356   19   25   43   49
2357   19   26   33   40
2358   19   26   40   47
2359   19   26   47   54
2360   19   27   35   43
2361   19   27   43   51
2362   19   28   22   25
2363   19   28   37   46
2364   19   29   39   49
2365   19   30   41   52
2366   19   31   23   27
2367   19   34   24   29
2368   19   37   25   31
2369   19   40   26   33
2370   19   43   27   35
2371   19   46   28   37
2372   19   49   29   39
2373   19   52   30   41
2374   20   21   22   23
2375   20   21   23   24
2376   20   21   24   25
2377   20   21   25   26
2378   20   21   26   27
2379   20   21   27   28
2380   20   21   28   29
2381   20   21   29   30
2382   20   21   30   31
2383   20   21   31   32
2384   20   21   32   33
2385   20   21   33   34
2386   20   21   34   35
2387   20   21   35   36
2388   20   21   36   37
2389   20   21   37   38
2390   20   21   38   39
2391   20   21   39   40
2392   20   21   40   41
2393   20   21   41   42
2394   20   21   42   43
2395   20   21   43   44
2396   20   21   44   45
2397   20   21   45   46
2398   20   21   46   47
2399   20   21   47   48
2400   20   21   48   49
2401   20   21   49   50
2402   20   21   50   51
2403   20   21   51   52
2404   20   21   52   53
2405   20   21   53   54
2406   20   22   24   26
2407   20   22   26   28
2408   20   22   28   30
2409   20   22   30   32
2410   20   22   32   34
2411   20   22   34   36
2412   20   22   36   38
2413   20   22   38   40
2414   20   22   40   42
2415   20   22   42   44
2416   20   22   44   46
2417   20   22   46   48
2418   20   22   48   50
2419   20   22   50   52
2420   20   22   52   54
2421   20   23   21   22
2422   20   23   26   29
2423   20   23   29   32
2424   20   23   32   35
2425   20   23   35   38
2426   20   23   38   41
2427   20   23   41   44
2428   20   23   44   47
2429   20   23   47   50
2430   20   23   50   53
2431   20   24   28   32
2432   20   24   32   36
2433   20   24   36   40
2434   20   24   40   44
2435   20   24   44   48
2436   20   24   48   52
2437   20   25   30   35
2438   20   25   35   40
2439   20   25   40   45
2440   20   25   45   50
2441   20   26   22   24
2442   20   26   32   38
2443   20   26   38   44
2444   20   26   44   50
2445   20   27   34   41
2446   20   27   41   48
2447   20   28   36   44
2448   20   28   44   52
2449   20   29   23   26
2450   20   29   38   47
2451   20   30   40   50
2452   20   31   42   53
2453   20   32   24   28
2454   20   35   25   30
2455   20   38   26   32
2456   20   41   27   34
2457   20   44   28   36
2458   20   47   29   38
2459   20   50   30   40
2460   20   53   31   42
2461   21   22   23   24
2462   21   22   24   25
2463   21   22   25   26
2464   21   22   26   27
2465   21   22   27   28
2466   21   22   28   29
2467   21   22   29   30
2468   21   22   30   31
2469   21   22   31   32
2470   21   22   32   33
2471   21   22   33   34
2472   21   22   34   35
2473   21   22   35   36
2474   21   22   36   37
2475   21   22   37   38
2476   21   22   38   39
2477   21   22   39   40
2478   21   22   40   41
2479   21   22   41   42
2480   21   22   42   43
2481   21   22   43   44
2482   21   22   44   45
2483   21   22   45   46
2484   21   22   46   47
2485   21   22   47   48
2486   21   22   48   49
2487   21   22   49   50
2488   21   22   50   51
2489   21   22   51   52
2490   21   22   52   53
2491   21   22   53   54
2492   21   23   25   27
2493   21   23   27   29
2494   21   23   29   31
2495   21   23   31   33
2496   21   23   33   35
2497   21   23   35   37
2498   21   23   37   39
2499   21   23   39   41
2500   21   23   41   43
2501   21   23   43   45
2502   21   23   45   47
2503   21   23   47   49
2504   21   23   49   51
2505   21   23   51   53
2506   21   24   22   23
2507   21   24   27   30
2508   21   24   30   33
2509   21   24   33   36
2510   21   24   36   39
2511   21   24   39   42
2512   21   24   42   45
2513   21   24   45   48
2514   21   24   48   51
2515   21   24   51   54
2516   21   25   29   33
2517   21   25   33   37
2518   21   25   37   41
2519   21   25   41   45
2520   21   25   45   49
2521   21   25   49   53
2522   21   26   31   36
2523   21   26   36   41
2524   21   26   41   46
2525   21   26   46   51
2526   21   27   23   25
2527   21   27   33   39
2528   21   27   39   45
2529   21   27   45   51
2530   21   28   35   42
2531   21   28   42   49
2532   21   29   37   45
2533   21   29   45   53
2534   21   30   24   27
2535   21   30   39   48
2536   21   31   41   51
2537   21   32   43   54
2538   21   33   25   29
2539   21   36   26   31
2540   21   39   27   33
2541   21   42   28   35
2542   21   45   29   37
2543   21   48   30   39
2544   21   51   31   41
2545   21   54   32   43
2546   22   23   24   25
2547   22   23   25   26
2548   22   23   26   27
2549   22   23   27   28
2550   22   23   28   29
2551   22   23   29   30
2552   22   23   30   31
2553   22   23   31   32
2554   22   23   32   33
2555   22   23   33   34
2556   22   23   34   35
2557   22   23   35   36
2558   22   23   36   37
2559   22   23   37   38
2560   22   23   38   39
2561   22   23   39   40
2562   22   23   40   41
2563   22   23   41   42
2564   22   23   42   43
2565   22   23   43   44
2566   22   23   44   45
2567   22   23   45   46
2568   22   23   46   47
2569   22   23   47   48
2570   22   23   48   49
2571   22   23   49   50
2572   22   23   50   51
2573   22   23   51   52
2574   22   23   52   53
2575   22   23   53   54
2576   22   24   26   28
2577   22   24   28   30
2578   22   24   30   32
2579   22   24   32   34
2580   22   24   34   36
2581   22   24   36   38
2582   22   24   38   40
2583   22   24   40   42
2584   22   24   42   44
2585   22   24   44   46
2586   22   24   46   48
2587   22   24   48   50
2588   22   24   50   52
2589   22   24   52   54
2590   22   25   23   24
2591   22   25   28   31
2592   22   25   31   34
2593   22   25   34   37
2594   22   25   37   40
2595   22   25   40   43
2596   22   25   43   46
2597   22   25   46   49
2598   22   25   49   52
2599   22   26   30   34
2600   22   26   34   38
2601   22   26   38   42
2602   22   26   42   46
2603   22   26   46   50
2604   22   26   50   54
2605   22   27   32   37
2606   22   27   37   42
2607   22   27   42   47
2608   22   27   47   52
2609   22   28   24   26
2610   22   28   34   40
2611   22   28   40   46
2612   22   28   46   52
2613   22   29   36   43
2614   22   29   43   50
2615   22   30   38   46
2616   22   30   46   54
2617   22   31   25   28
2618   22   31   40   49
2619   22   32   42   52
2620   22   34   26   30
2621   22   37   27   32
2622   22   40   28   34
2623   22   43   29   36
2624   22   46   30   38
2625   22   49   31   40
2626   22   52   32   42
2627   23   24   25   26
2628   23   24   26   27
2629   23   24   27   28
2630   23   24   28   29
2631   23   24   29   30
2632   23   24   30   31
2633   23   24   31   32
2634   23   24   32   33
2635   23   24   33   34
2636   23   24   34   35
2637   23   24   35   36
2638   23   24   36   37
2639   23   24   37   38
2640   23   24   38   39
2641   23   24   39   40
2642   23   24   40   41
2643   23   24   41   42
2644   23   24   42   43
2645   23   24   43   44
2646   23   24   44   45
2647   23   24   45   46
2648   23   24   46   47
2649   23   24   47   48
2650   23   24   48   49
2651   23   24   49   50
2652   23   24   50   51
2653   23   24   51   52
2654   23   24   52   53
2655   23   24   53   54
2656   23   25   27   29
2657   23   25   29   31
2658   23   25   31   33
2659   23   25   33   35
2660   23   25   35   37
2661   23   25   37   39
2662   23   25   39   41
2663   23   25   41   43
2664   23   25   43   45
2665   23   25   45   47
2666   23   25   47   49
2667   23   25   49   51
2668   23   25   51   53
2669   23   26   24   25
2670   23   26   29   32
2671   23   26   32   35
2672   23   26   35   38
2673   23   26   38   41
2674   23   26   41   44
2675   23   26   44   47
2676   23   26   47   50
2677   23   26   50   53
2678   23   27   31   35
2679   23   27   35   39
2680   23   27   39   43
2681   23   27   43   47
2682   23   27   47   51
2683   23   28   33   38
2684   23   28   38   43
2685   23   28   43   48
2686   23   28   48   53
2687   23   29   25   27
2688   23   29   35   41
2689   23   29   41   47
2690   23   29   47   53
2691   23   30   37   44
2692   23   30   44   51
2693   23   31   39   47
2694   23   32   26   29
2695   23   32   41   50
2696   23   33   43   53
2697   23   35   27   31
2698   23   38   28   33
2699   23   41   29   35
2700   23   44   30   37
2701   23   47   31   39
2702   23   50   32   41
2703   23   53   33   43
2704   24   25   26   27
2705   24   25   27   28
2706   24   25   28   29
2707   24   25   29   30
2708   24   25   30   31
2709   24   25   31   32
2710   24   25   32   33
2711   24   25   33   34
2712   24   25   34   35
2713   24   25   35   36
2714   24   25   36   37
2715   24   25   37   38
2716   24   25   38   39
2717   24   25   39   40
2718   24   25   40   41
2719   24   25   41   42
2720   24   25   42   43
2721   24   25   43   44
2722   24   25   44   45
2723   24   25   45   46
2724   24   25   46   47
2725   24   25   47   48
2726   24   25   48   49
2727   24   25   49   50
2728   24   25   50   51
2729   24   25   51   52
2730   24   25   52   53
2731   24   25   53   54
2732   24   26   28   30
2733   24   26   30   32
2734   24   26   32   34
2735   24   26   34   36
2736   24   26   36   38
2737   24   26   38   40
2738   24   26   40   42
2739   24   26   42   44
2740   24   26   44   46
2741   24   26   46   48
2742   24   26   48   50
2743   24   26   50   52
2744   24   26   52   54
2745   24   27   25   26
2746   24   27   30   33
2747   24   27   33   36
2748   24   27   36   39
2749   24   27   39   42
2750   24   27   42   45
2751   24   27   45   48
2752   24   27   48   51
2753   24   27   51   54
2754   24   28   32   36
2755   24   28   36   40
2756   24   28   40   44
2757   24   28   44   48
2758   24   28   48   52
2759   24   29   34   39
2760   24   29   39   44
2761   24   29   44   49
2762   24   29   49   54
2763   24   30   26   28
2764   24   30   36   42
2765   24   30   42   48
2766   24   30   48   54
2767   24   31   38   45
2768   24   31   45   52
2769   24   32   40   48
2770   24   33   27   30
2771   24   33   42   51
2772   24   34   44   54
2773   24   36   28   32
2774   24   39   29   34
2775   24   42   30   36
2776   24   45   31   38
2777   24   48   32   40
2778   24   51   33   42
2779   24   54   34   44
2780   25   26   27   28
2781   25   26   28   29
2782   25   26   29   30
2783   25   26   30   31
2784   25   26   31   32
2785   25   26   32   33
2786   25   26   33   34
2787   25   26   34   35
2788   25   26   35   36
2789   25   26   36   37
2790   25   26   37   38
2791   25   26   38   39
2792   25   26   39   40
2793   25   26   40   41
2794   25   26   41   42
2795   25   26   42   43
2796   25   26   43   44
2797   25   26   44   45
2798   25   26   45   46
2799   25   26   46   47
2800   25   26   47   48
2801   25   26   48   49
2802   25   26   49   50
2803   25   26   50   51
2804   25   26   51   52
2805   25   26   52   53
2806   25   26   53   54
2807   25   27   29   31
2808   25   27   31   33
2809   25   27   33   35
2810   25   27   35   37
2811   25   27   37   39
2812   25   27   39   41
2813   25   27   41   43
2814   25   27   43   45
2815   25   27   45   47
2816   25   27   47   49
2817   25   27   49   51
2818   25   27   51   53
2819   25   28   26   27
2820   25   28   31   34
2821   25   28   34   37
2822   25   28   37   40
2823   25   28   40   43
2824   25   28   43   46
2825   25   28   46   49
2826   25   28   49   52
2827   25   29   33   37
2828   25   29   37   41
2829   25   29   41   45
2830   25   29   45   49
2831   25   29   49   53
2832   25   30   35   40
2833   25   30   40   45
2834   25   30   45   50
2835   25   31   27   29
2836   25   31   37   43
2837   25   31   43   49
2838   25   32   39   46
2839   25   32   46   53
2840   25   33   41   49
2841   25   34   28   31
2842   25   34   43   52
2843   25   37   29   33
2844   25   40   30   35
2845   25   43   31   37
2846   25   46   32   39
2847   25   49   33   41
2848   25   52   34   43
2849   26   27   28   29
2850   26   27   29   30
2851   26   27   30   31
2852   26   27   31   32
2853   26   27   32   33
2854   26   27   33   34
2855   26   27   34   35
2856   26   27   35   36
2857   26   27   36   37
2858   26   27   37   38
2859   26   27   38   39
2860   26   27   39   40
2861   26   27   40   41
2862   26   27   41   42
2863   26   27   42   43
2864   26   27   43   44
2865   26   27   44   45
2866   26   27   45   46
2867   26   27   46   47
2868   26   27   47   48
2869   26   27   48   49
2870   26   27   49   50
2871   26   27   50   51
2872   26   27   51   52
2873   26   27   52   53
2874   26   27   53   54
2875   26   28   30   32
2876   26   28   32   34
2877   26   28   34   36
2878   26   28   36   38
2879   26   28   38   40
2880   26   28   40   42
2881   26   28   42   44
2882   26   28   44   46
2883   26   28   46   48
2884   26   28   48   50
2885   26   28   50   52
2886   26   28   52   54
2887   26   29   27   28
2888   26   29   32   35
2889   26   29   35   38
2890   26   29   38   41
2891   26   29   41   44
2892   26   29   44   47
2893   26   29   47   50
2894   26   29   50   53
2895   26   30   34   38
2896   26   30   38   42
2897   26   30   42   46
2898   26   30   46   50
2899   26   30   50   54
2900   26   31   36   41
2901   26   31   41   46
2902   26   31   46   51
2903   26   32   28   30
2904   26   32   38   44
2905   26   32   44   50
2906   26   33   40   47
2907   26   33   47   54
2908   26   34   42   50
2909   26   35   29   32
2910   26   35   44   53
2911   26   38   30   34
2912   26   41   31   36
2913   26   44   32   38
2914   26   47   33   40
2915   26   50   34   42
2916   26   53   35   44
2917   27   28   29   30
2918   27   28   30   31
2919   27   28   31   32
2920   27   28   32   33
2921   27   28   33   34
2922   27   28   34   35
2923   27   28   35   36
2924   27   28   36   37
2925   27   28   37   38
2926   27   28   38   39
2927   27   28   39   40
2928   27   28   40   41
2929   27   28   41   42
2930   27   28   42   43
2931   27   28   43   44
2932   27   28   44   45
2933   27   28   45   46
2934   27   28   46   47
2935   27   28   47   48
2936   27   28   48   49
2937   27   28   49   50
2938   27   28   50   51
2939   27   28   51   52
2940   27   28   52   53
2941   27   28   53   54
2942   27   29   31   33
2943   27   29   33   35
2944   27   29   35   37
2945   27   29   37   39
2946   27   29   39   41
2947   27   29   41   43
2948   27   29   43   45
2949   27   29   45   47
2950   27   29   47   49
2951   27   29   49   51
2952   27   29   51   53
2953   27   30   28   29
2954   27   30   33   36
2955   27   30   36   39
2956   27   30   39   42
2957   27   30   42   45
2958   27   30   45   48
2959   27   30   48   51
2960   27   30   51   54
2961   27   31   35   39
2962   27   31   39   43
2963   27   31   43   47
2964   27   31   47   51
2965   27   32   37   42
2966   27   32   42   47
2967   27   32   47   52
2968   27   33   29   31
2969   27   33   39   45
2970   27   33   45   51
2971   27   34   41   48
2972   27   35   43   51
2973   27   36   30   33
2974   27   36   45   54
2975   27   39   31   35
2976   27   42   32   37
2977   27   45   33   39
2978   27   48   34   41
2979   27   51   35   43
2980   27   54   36   45
2981   28   29   30   31
2982   28   29   31   32
2983   28   29   32   33
2984   28   29   33   34
2985   28   29   34   35
2986   28   29   35   36
2987   28   29   36   37
2988   28   29   37   38
2989   28   29   38   39
2990   28   29   39   40
2991   28   29   40   41
2992   28   29   41   42
2993   28   29   42   43
2994   28   29   43   44
2995   28   29   44   45
2996   28   29   45   46
2997   28   29   46   47
2998   28   29   47   48
2999   28   29   48   49
3000   28   29   49   50
3001   28   29   50   51
3002   28   29   51   52
3003   28   29   52   53
3004   28   29   53   54
3005   28   30   32   34
3006   28   30   34   36
3007   28   30   36   38
3008   28   30   38   40
3009   28   30   40   42
3010   28   30   42   44
3011   28   30   44   46
3012   28   30   46   48
3013   28   30   48   50
3014   28   30   50   52
3015   28   30   52   54
3016   28   31   29   30
3017   28   31   34   37
3018   28   31   37   40
3019   28   31   40   43
3020   28   31   43   46
3021   28   31   46   49
3022   28   31   49   52
3023   28   32   36   40
3024   28   32   40   44
3025   28   32   44   48
3026   28   32   48   52
3027   28   33   38   43
3028   28   33   43   48
3029   28   33   48   53
3030   28   34   30   32
3031   28   34   40   46
3032   28   34   46   52
3033   28   35   42   49
3034   28   36   44   52
3035   28   37   31   34
3036   28   40   32   36
3037   28   43   33   38
3038   28   46   34   40
3039   28   49   35   42
3040   28   52   36   44
3041   29   30   31   32
3042   29   30   32   33
3043   29   30   33   34
3044   29   30   34   35
3045   29   30   35   36
3046   29   30   36   37
3047   29   30   37   38
3048   29   30   38   39
3049   29   30   39   40
3050   29   30   40   41
3051   29   30   41   42
3052   29   30   42   43
3053   29   30   43   44
3054   29   30   44   45
3055   29   30   45   46
3056   29   30   46   47
3057   29   30   47   48
3058   29   30   48   49
3059   29   30   49   50
3060   29   30   50   51
3061   29   30   51   52
3062   29   30   52   53
3063   29   30   53   54
3064   29   31   33   35
3065   29   31   35   37
3066   29   31   37   39
3067   29   31   39   41
3068   29   31   41   43
3069   29   31   43   45
3070   29   31   45   47
3071   29   31   47   49
3072   29   31   49   51
3073   29   31   51   53
3074   29   32   30   31
3075   29   32   35   38
3076   29   32   38   41
3077   29   32   41   44
3078   29   32   44   47
3079   29   32   47   50
3080   29   32   50   53
3081   29   33   37   41
3082   29   33   41   45
3083   29   33   45   49
3084   29   33   49   53
3085   29   34   39   44
3086   29   34   44   49
3087   29   34   49   54
3088   29   35   31   33
3089   29   35   41   47
3090   29   35   47   53
3091   29   36   43   50
3092   29   37   45   53
3093   29   38   32   35
3094   29   41   33   37
3095   29   44   34   39
3096   29   47   35   41
3097   29   50   36   43
3098   29   53   37   45
3099   30   31   32   33
3100   30   31   33   34
3101   30   31   34   35
3102   30   31   35   36
3103   30   31   36   37
3104   30   31   37   38
3105   30   31   38   39
3106   30   31   39   40
3107   30   31   40   41
3108   30   31   41   42
3109   30   31   42   43
3110   30   31   43   44
3111   30   31   44   45
3112   30   31   45   46
3113   30   31   46   47
3114   30   31   47   48
3115   30   31   48   49
3116   30   31   49   50
3117   30   31   50   51
3118   30   31   51   52
3119   30   31   52   53
3120   30   31   53   54
3121   30   32   34   36
3122   30   32   36   38
3123   30   32   38   40
3124   30   32   40   42
3125   30   32   42   44
3126   30   32   44   46
3127   30   32   46   48
3128   30   32   48   50
3129   30   32   50   52
3130   30   32   52   54
3131   30   33   31   32
3132   30   33   36   39
3133   30   33   39   42
3134   30   33   42   45
3135   30   33   45   48
3136   30   33   48   51
3137   30   33   51   54
3138   30   34   38   42
3139   30   34   42   46
3140   30   34   46   50
3141   30   34   50   54
3142   30   35   40   45
3143   30   35   45   50
3144   30   36   32   34
3145   30   36   42   48
3146   30   36   48   54
3147   30   37   44   51
3148   30   38   46   54
3149   30   39   33   36
3150   30   42   34   38
3151   30   45   35   40
3152   30   48   36   42
3153   30   51   37   44
3154   30   54   38   46
3155   31   32   33   34
3156   31   32   34   35
3157   31   32   35   36
3158   31   32   36   37
3159   31   32   37   38
3160   31   32   38   39
3161   31   32   39   40
3162   31   32   40   41
3163   31   32   41   42
3164   31   32   42   43
3165   31   32   43   44
3166   31   32   44   45
3167   31   32   45   46
3168   31   32   46   47
3169   31   32   47   48
3170   31   32   48   49
3171   31   32   49   50
3172   31   32   50   51
3173   31   32   51   52
3174   31   32   52   53
3175   31   32   53   54
3176   31   33   35   37
3177   31   33   37   39
3178   31   33   39   41
3179   31   33   41   43
3180   31   33   43   45
3181   31   33   45   47
3182   31   33   47   49
3183   31   33   49   51
3184   31   33   51   53
3185   31   34   32   33
3186   31   34   37   40
3187   31   34   40   43
3188   31   34   43   46
3189   31   34   46   49
3190   31   34   49   52
3191   31   35   39   43
3192   31   35   43   47
3193   31   35   47   51
3194   31   36   41   46
3195   31   36   46   51
3196   31   37   33   35
3197   31   37   43   49
3198   31   38   45   52
3199   31   40   34   37
3200   31   43   35   39
3201   31   46   36   41
3202   31   49   37   43
3203   31   52   38   45
3204   32   33   34   35
3205   32   33   35   36
3206   32   33   36   37
3207   32   33   37   38
3208   32   33   38   39
3209   32   33   39   40
3210   32   33   40   41
3211   32   33   41   42
3212   32   33   42   43
3213   32   33   43   44
3214   32   33   44   45
3215   32   33   45   46
3216   32   33   46   47
3217   32   33   47   48
3218   32   33   48   49
3219   32   33   49   50
3220   32   33   50   51
3221   32   33   51   52
3222   32   33   52   53
3223   32   33   53   54
3224   32   34   36   38
3225   32   34   38   40
3226   32   34   40   42
3227   32   34   42   44
3228   32   34   44   46
3229   32   34   46   48
3230   32   34   48   50
3231   32   34   50   52
3232   32   34   52   54
3233   32   35   33   34
3234   32   35   38   41
3235   32   35   41   44
3236   32   35   44   47
3237   32   35   47   50
3238   32   35   50   53
3239   32   36   40   44
3240   32   36   44   48
3241   32   36   48   52
3242   32   37   42   47
3243   32   37   47   52
3244   32   38   34   36
3245   32   38   44   50
3246   32   39   46   53
3247   32   41   35   38
3248   32   44   36   40
3249   32   47   37   42
3250   32   50   38   44
3251   32   53   39   46
3252   33   34   35   36
3253   33   34   36   37
3254   33   34   37   38
3255   33   34   38   39
3256   33   34   39   40
3257   33   34   40   41
3258   33   34   41   42
3259   33   34   42   43
3260   33   34   43   44
3261   33   34   44   45
3262   33   34   45   46
3263   33   34   46   47
3264   33   34   47   48
3265   33   34   48   49
3266   33   34   49   50
3267   33   34   50   51
3268   33   34   51   52
3269   33   34   52   53
3270   33   34   53   54
3271   33   35   37   39
3272   33   35   39   41
3273   33   35   41   43
3274   33   35   43   45
3275   33   35   45   47
3276   33   35   47   49
3277   33   35   49   51
3278   33   35   51   53
3279   33   36   34   35
3280   33   36   39   42
3281   33   36   42   45
3282   33   36   45   48
3283   33   36   48   51
3284   33   36   51   54
3285   33   37   41   45
3286   33   37   45   49
3287   33   37   49   53
3288   33   38   43   48
3289   33   38   48   53
3290   33   39   35   37
3291   33   39   45   51
3292   33   40   47   54
3293   33   42   36   39
3294   33   45   37   41
3295   33   48   38   43
3296   33   51   39   45
3297   33   54   40   47
3298   34   35   36   37
3299   34   35   37   38
3300   34   35   38   39
3301   34   35   39   40
3302   34   35   40   41
3303   34   35   41   42
3304   34   35   42   43
3305   34   35   43   44
3306   34   35   44   45
3307   34   35   45   46
3308   34   35   46   47
3309   34   35   47   48
3310   34   35   48   49
3311   34   35   49   50
3312   34   35   50   51
3313   34   35   51   52
3314   34   35   52   53
3315   34   35   53   54
3316   34   36   38   40
3317   34   36   40   42
3318   34   36   42   44
3319   34   36   44   46
3320   34   36   46   48
3321   34   36   48   50
3322   34   36   50   52
3323   34   36   52   54
3324   34   37   35   36
3325   34   37   40   43
3326   34   37   43   46
3327   34   37   46   49
3328   34   37   49   52
3329   34   38   42   46
3330   34   38   46   50
3331   34   38   50   54
3332   34   39   44   49
3333   34   39   49   54
3334   34   40   36   38
3335   34   40   46   52
3336   34   43   37   40
3337   34   46   38   42
3338   34   49   39   44
3339   34   52   40   46
3340   35   36   37   38
3341   35   36   38   39
3342   35   36   39   40
3343   35   36   40   41
3344   35   36   41   42
3345   35   36   42   43
3346   35   36   43   44
3347   35   36   44   45
3348   35   36   45   46
3349   35   36   46   47
3350   35   36   47   48
3351   35   36   48   49
3352   35   36   49   50
3353   35   36   50   51
3354   35   36   51   52
3355   35   36   52   53
3356   35   36   53   54
3357   35   37   39   41
3358   35   37   41   43
3359   35   37   43   45
3360   35   37   45   47
3361   35   37   47   49
3362   35   37   49   51
3363   35   37   51   53
3364   35   38   36   37
3365   35   38   41   44
3366   35   38   44   47
3367   35   38   47   50
3368   35   38   50   53
3369   35   39   43   47
3370   35   39   47   51
3371   35   40   45   50
3372   35   41   37   39
3373   35   41   47   53
3374   35   44   38   41
3375   35   47   39   43
3376   35   50   40   45
3377   35   53   41   47
3378   36   37   38   39
3379   36   37   39   40
3380   36   37   40   41
3381   36   37   41   42
3382   36   37   42   43
3383   36   37   43   44
3384   36   37   44   45
3385   36   37   45   46
3386   36   37   46   47
3387   36   37   47   48
3388   36   37   48   49
3389   36   37   49   50
3390   36   37   50   51
3391   36   37   51   52
3392   36   37   52   53
3393   36   37   53   54
3394   36   38   40   42
3395   36   38   42   44
3396   36   38   44   46
3397   36   38   46   48
3398   36   38   48   50
3399   36   38   50   52
3400   36   38   52   54
3401   36   39   37   38
3402   36   39   42   45
3403   36   39   45   48
3404   36   39   48   51
3405   36   39   51   54
3406   36   40   44   48
3407   36   40   48   52
3408   36   41   46   51
3409   36   42   38   40
3410   36   42   48   54
3411   36   45   39   42
3412   36   48   40   44
3413   36   51   41   46
3414   36   54   42   48
3415   37   38   39   40
3416   37   38   40   41
3417   37   38   41   42
3418   37   38   42   43
3419   37   38   43   44
3420   37   38   44   45
3421   37   38   45   46
3422   37   38   46   47
3423   37   38   47   48
3424   37   38   48   49
3425   37   38   49   50
3426   37   38   50   51
3427   37   38   51   52
3428   37   38   52   53
3429   37   38   53   54
3430   37   39   41   43
3431   37   39   43   45
3432   37   39   45   47
3433   37   39   47   49
3434   37   39   49   51
3435   37   39   51   53
3436   37   40   38   39
3437   37   40   43   46
3438   37   40   46   49
3439   37   40   49   52
3440   37   41   45   49
3441   37   41   49   53
3442   37   42   47   52
3443   37   43   39   41
3444   37   46   40   43
3445   37   49   41   45
3446   37   52   42   47
3447   38   39   40   41
3448   38   39   41   42
3449   38   39   42   43
3450   38   39   43   44
3451   38   39   44   45
3452   38   39   45   46
3453   38   39   46   47
3454   38   39   47   48
3455   38   39   48   49
3456   38   39   49   50
3457   38   39   50   51
3458   38   39   51   52
3459   38   39   52   53
3460   38   39   53   54
3461   38   40   42   44
3462   38   40   44   46
3463   38   40   46   48
3464   38   40   48   50
3465   38   40   50   52
3466   38   40   52   54
3467   38   41   39   40
3468   38   41   44   47
3469   38   41   47   50
3470   38   41   50   53
3471   38   42   46   50
3472   38   42   50   54
3473   38   43   48   53
3474   38   44   40   42
3475   38   47   41   44
3476   38   50   42   46
3477   38   53   43   48
3478   39   40   41   42
3479   39   40   42   43
3480   39   40   43   44
3481   39   40   44   45
3482   39   40   45   46
3483   39   40   46   47
3484   39   40   47   48
3485   39   40   48   49
3486   39   40   49   50
3487   39   40   50   51
3488   39   40   51   52
3489   39   40   52   53
3490   39   40   53   54
3491   39   41   43   45
3492   39   41   45   47
3493   39   41   47   49
3494   39   41   49   51
3495   39   41   51   53
3496   39   42   40   41
3497   39   42   45   48
3498   39   42   48   51
3499   39   42   51   54
3500   39   43   47   51
3501   39   44   49   54
3502   39   45   41   43
3503   39   48   42   45
3504   39   51   43   47
3505   39   54   44   49
3506   40   41   42   43
3507   40   41   43   44
3508   40   41   44   45
3509   40   41   45   46
3510   40   41   46   47
3511   40   41   47   48
3512   40   41   48   49
3513   40   41   49   50
3514   40   41   50   51
3515   40   41   51   52
3516   40   41   52   53
3517   40   41   53   54
3518   40   42   44   46
3519   40   42   46   48
3520   40   42   48   50
3521   40   42   50   52
3522   40   42   52   54
3523   40   43   41   42
3524   40   43   46   49
3525   40   43   49   52
3526   40   44   48   52
3527   40   46   42   44
3528   40   49   43   46
3529   40   52   44   48
3530   41   42   43   44
3531   41   42   44   45
3532   41   42   45   46
3533   41   42   46   47
3534   41   42   47   48
3535   41   42   48   49
3536   41   42   49   50
3537   41   42   50   51
3538   41   42   51   52
3539   41   42   52   53
3540   41   42   53   54
3541   41   43   45   47
3542   41   43   47   49
3543   41   43   49   51
3544   41   43   51   53
3545   41   44   42   43
3546   41   44   47   50
3547   41   44   50   53
3548   41   45   49   53
3549   41   47   43   45
3550   41   50   44   47
3551   41   53   45   49
3552   42   43   44   45
3553   42   43   45   46
3554   42   43   46   47
3555   42   43   47   48
3556   42   43   48   49
3557   42   43   49   50
3558   42   43   50   51
3559   42   43   51   52
3560   42   43   52   53
3561   42   43   53   54
3562   42   44   46   48
3563   42   44   48   50
3564   42   44   50   52
3565   42   44   52   54
3566   42   45   43   44
3567   42   45   48   51
3568   42   45   51   54
3569   42   46   50   54
3570   42   48   44   46
3571   42   51   45   48
3572   42   54   46   50
3573   43   44   45   46
3574   43   44   46   47
3575   43   44   47   48
3576   43   44   48   49
3577   43   44   49   50
3578   43   44   50   51
3579   43   44   51   52
3580   43   44   52   53
3581   43   44   53   54
3582   43   45   47   49
3583   43   45   49   51
3584   43   45   51   53
3585   43   46   44   45
3586   43   46   49   52
3587   43   49   45   47
3588   43   52   46   49
3589   44   45   46   47
3590   44   45   47   48
3591   44   45   48   49
3592   44   45   49   50
3593   44   45   50   51
3594   44   45   51   52
3595   44   45   52   53
3596   44   45   53   54
3597   44   46   48   50
3598   44   46   50   52
3599   44   46   52   54
3600   44   47   45   46
3601   44   47   50   53
3602   44   50   46   48
3603   44   53   47   50
3604   45   46   47   48
3605   45   46   48   49
3606   45   46   49   50
3607   45   46   50   51
3608   45   46   51   52
3609   45   46   52   53
3610   45   46   53   54
3611   45   47   49   51
3612   45   47   51   53
3613   45   48   46   47
3614   45   48   51   54
3615   45   51   47   49
3616   45   54   48   51
3617   46   47   48   49
3618   46   47   49   50
3619   46   47   50   51
3620   46   47   51   52
3621   46   47   52   53
3622   46   47   53   54
3623   46   48   50   52
3624   46   48   52   54
3625   46   49   47   48
3626   46   52   48   50
3627   47   48   49   50
3628   47   48   50   51
3629   47   48   51   52
3630   47   48   52   53
3631   47   48   53   54
3632   47   49   51   53
3633   47   50   48   49
3634   47   53   49   51
3635   48   49   50   51
3636   48   49   51   52
3637   48   49   52   53
3638   48   49   53   54
3639   48   50   52   54
3640   48   51   49   50
3641   48   54   50   52
3642   49   50   51   52
3643   49   50   52   53
3644   49   50   53   54
3645   49   52   50   51
3646   50   51   52   53
3647   50   51   53   54
3648   50   53   51   52
3649   51   52   53   54
3650   51   54   52   53
