# X Y Z

1	0.0	0.0	0.0

2	1.0	0.0	0.0

3	2.0	0.0	0.0

4	3.0	0.0	0.0

5	4.0	0.0	0.0

6	5.0	0.0	0.0

7	6.0	0.0	0.0

8	7.0	0.0	0.0

9	8.0	0.0	0.0

10	9.0	0.0	0.0

11	10.0	0.0	0.0

12	11.0	0.0	0.0

13	12.0	0.0	0.0

14	13.0	0.0	0.0

15	14.0	0.0	0.0

16	15.0	0.0	0.0

17	16.0	0.0	0.0

18	17.0	0.0	0.0

19	18.0	0.0	0.0

20	19.0	0.0	0.0

21	20.0	0.0	0.0

22	21.0	0.0	0.0

23	22.0	0.0	0.0

24	23.0	0.0	0.0

25	24.0	0.0	0.0

26	25.0	0.0	0.0

27	26.0	0.0	0.0

28	27.0	0.0	0.0

29	28.0	0.0	0.0

30	29.0	0.0	0.0

# A B M N

1	1	4	2	3

2	2	5	3	4

3	3	6	4	5

4	4	7	5	6

5	5	8	6	7

6	6	9	7	8

7	7	10	8	9

8	8	11	9	10

9	9	12	10	11

10	10	13	11	12

11	11	14	12	13

12	12	15	13	14

13	13	16	14	15

14	14	17	15	16

15	15	18	16	17

16	16	19	17	18

17	17	20	18	19

18	18	21	19	20

19	19	22	20	21

20	20	23	21	22

21	21	24	22	23

22	22	25	23	24

23	23	26	24	25

24	24	27	25	26

25	25	28	26	27

26	26	29	27	28

27	27	30	28	29

28	1	7	3	5

29	2	8	4	6

30	3	9	5	7

31	4	10	6	8

32	5	11	7	9

33	6	12	8	10

34	7	13	9	11

35	8	14	10	12

36	9	15	11	13

37	10	16	12	14

38	11	17	13	15

39	12	18	14	16

40	13	19	15	17

41	14	20	16	18

42	15	21	17	19

43	16	22	18	20

44	17	23	19	21

45	18	24	20	22

46	19	25	21	23

47	20	26	22	24

48	21	27	23	25

49	22	28	24	26

50	23	29	25	27

51	24	30	26	28

52	1	10	4	7

53	2	11	5	8

54	3	12	6	9

55	4	13	7	10

56	5	14	8	11

57	6	15	9	12

58	7	16	10	13

59	8	17	11	14

60	9	18	12	15

61	10	19	13	16

62	11	20	14	17

63	12	21	15	18

64	13	22	16	19

65	14	23	17	20

66	15	24	18	21

67	16	25	19	22

68	17	26	20	23

69	18	27	21	24

70	19	28	22	25

71	20	29	23	26

72	21	30	24	27

73	1	13	5	9

74	2	14	6	10

75	3	15	7	11

76	4	16	8	12

77	5	17	9	13

78	6	18	10	14

79	7	19	11	15

80	8	20	12	16

81	9	21	13	17

82	10	22	14	18

83	11	23	15	19

84	12	24	16	20

85	13	25	17	21

86	14	26	18	22

87	15	27	19	23

88	16	28	20	24

89	17	29	21	25

90	18	30	22	26

91	1	16	6	11

92	2	17	7	12

93	3	18	8	13

94	4	19	9	14

95	5	20	10	15

96	6	21	11	16

97	7	22	12	17

98	8	23	13	18

99	9	24	14	19

100	10	25	15	20

101	11	26	16	21

102	12	27	17	22

103	13	28	18	23

104	14	29	19	24

105	15	30	20	25

106	1	19	7	13

107	2	20	8	14

108	3	21	9	15

109	4	22	10	16

110	5	23	11	17

111	6	24	12	18

112	7	25	13	19

113	8	26	14	20

114	9	27	15	21

115	10	28	16	22

116	11	29	17	23

117	12	30	18	24

118	1	22	8	15

119	2	23	9	16

120	3	24	10	17

121	4	25	11	18

122	5	26	12	19

123	6	27	13	20

124	7	28	14	21

125	8	29	15	22

126	9	30	16	23

127	1	25	9	17

128	2	26	10	18

129	3	27	11	19

130	4	28	12	20

131	5	29	13	21

132	6	30	14	22

133	1	28	10	19

134	2	29	11	20

135	3	30	12	21

136	1	2	3	4

137	2	3	4	5

138	3	4	5	6

139	4	5	6	7

140	5	6	7	8

141	6	7	8	9

142	7	8	9	10

143	8	9	10	11

144	9	10	11	12

145	10	11	12	13

146	11	12	13	14

147	12	13	14	15

148	13	14	15	16

149	14	15	16	17

150	15	16	17	18

151	16	17	18	19

152	17	18	19	20

153	18	19	20	21

154	19	20	21	22

155	20	21	22	23

156	21	22	23	24

157	22	23	24	25

158	23	24	25	26

159	24	25	26	27

160	25	26	27	28

161	26	27	28	29

162	27	28	29	30

163	1	2	4	5

164	2	3	5	6

165	3	4	6	7

166	4	5	7	8

167	5	6	8	9

168	6	7	9	10

169	7	8	10	11

170	8	9	11	12

171	9	10	12	13

172	10	11	13	14

173	11	12	14	15

174	12	13	15	16

175	13	14	16	17

176	14	15	17	18

177	15	16	18	19

178	16	17	19	20

179	17	18	20	21

180	18	19	21	22

181	19	20	22	23

182	20	21	23	24

183	21	22	24	25

184	22	23	25	26

185	23	24	26	27

186	24	25	27	28

187	25	26	28	29

188	26	27	29	30

189	1	2	5	6

190	2	3	6	7

191	3	4	7	8

192	4	5	8	9

193	5	6	9	10

194	6	7	10	11

195	7	8	11	12

196	8	9	12	13

197	9	10	13	14

198	10	11	14	15

199	11	12	15	16

200	12	13	16	17

201	13	14	17	18

202	14	15	18	19

203	15	16	19	20

204	16	17	20	21

205	17	18	21	22

206	18	19	22	23

207	19	20	23	24

208	20	21	24	25

209	21	22	25	26

210	22	23	26	27

211	23	24	27	28

212	24	25	28	29

213	25	26	29	30

214	1	2	6	7

215	2	3	7	8

216	3	4	8	9

217	4	5	9	10

218	5	6	10	11

219	6	7	11	12

220	7	8	12	13

221	8	9	13	14

222	9	10	14	15

223	10	11	15	16

224	11	12	16	17

225	12	13	17	18

226	13	14	18	19

227	14	15	19	20

228	15	16	20	21

229	16	17	21	22

230	17	18	22	23

231	18	19	23	24

232	19	20	24	25

233	20	21	25	26

234	21	22	26	27

235	22	23	27	28

236	23	24	28	29

237	24	25	29	30

238	1	2	7	8

239	2	3	8	9

240	3	4	9	10

241	4	5	10	11

242	5	6	11	12

243	6	7	12	13

244	7	8	13	14

245	8	9	14	15

246	9	10	15	16

247	10	11	16	17

248	11	12	17	18

249	12	13	18	19

250	13	14	19	20

251	14	15	20	21

252	15	16	21	22

253	16	17	22	23

254	17	18	23	24

255	18	19	24	25

256	19	20	25	26

257	20	21	26	27

258	21	22	27	28

259	22	23	28	29

260	23	24	29	30

261	1	2	8	9

262	2	3	9	10

263	3	4	10	11

264	4	5	11	12

265	5	6	12	13

266	6	7	13	14

267	7	8	14	15

268	8	9	15	16

269	9	10	16	17

270	10	11	17	18

271	11	12	18	19

272	12	13	19	20

273	13	14	20	21

274	14	15	21	22

275	15	16	22	23

276	16	17	23	24

277	17	18	24	25

278	18	19	25	26

279	19	20	26	27

280	20	21	27	28

281	21	22	28	29

282	22	23	29	30

283	1	2	9	10

284	2	3	10	11

285	3	4	11	12

286	4	5	12	13

287	5	6	13	14

288	6	7	14	15

289	7	8	15	16

290	8	9	16	17

291	9	10	17	18

292	10	11	18	19

293	11	12	19	20

294	12	13	20	21

295	13	14	21	22

296	14	15	22	23

297	15	16	23	24

298	16	17	24	25

299	17	18	25	26

300	18	19	26	27

301	19	20	27	28

302	20	21	28	29

303	21	22	29	30

304	1	2	10	11

305	2	3	11	12

306	3	4	12	13

307	4	5	13	14

308	5	6	14	15

309	6	7	15	16

310	7	8	16	17

311	8	9	17	18

312	9	10	18	19

313	10	11	19	20

314	11	12	20	21

315	12	13	21	22

316	13	14	22	23

317	14	15	23	24

318	15	16	24	25

319	16	17	25	26

320	17	18	26	27

321	18	19	27	28

322	19	20	28	29

323	20	21	29	30

324	1	2	11	12

325	2	3	12	13

326	3	4	13	14

327	4	5	14	15

328	5	6	15	16

329	6	7	16	17

330	7	8	17	18

331	8	9	18	19

332	9	10	19	20

333	10	11	20	21
334	11	12	21	22

335	12	13	22	23

336	13	14	23	24

337	14	15	24	25

338	15	16	25	26

339	16	17	26	27

340	17	18	27	28

341	18	19	28	29

342	19	20	29	30

343	1	2	12	13

344	2	3	13	14

345	3	4	14	15

346	4	5	15	16

347	5	6	16	17

348	6	7	17	18

349	7	8	18	19

350	8	9	19	20

351	9	10	20	21

352	10	11	21	22

353	11	12	22	23

354	12	13	23	24

355	13	14	24	25

356	14	15	25	26

357	15	16	26	27

358	16	17	27	28

359	17	18	28	29

360	18	19	29	30

361	1	2	13	14

362	2	3	14	15

363	3	4	15	16

364	4	5	16	17

365	5	6	17	18

366	6	7	18	19

367	7	8	19	20

368	8	9	20	21

369	9	10	21	22

370	10	11	22	23

371	11	12	23	24

372	12	13	24	25

373	13	14	25	26

374	14	15	26	27

375	15	16	27	28

376	16	17	28	29

377	17	18	29	30

378	1	2	14	15

379	2	3	15	16

380	3	4	16	17

381	4	5	17	18

382	5	6	18	19

383	6	7	19	20

384	7	8	20	21

385	8	9	21	22

386	9	10	22	23

387	10	11	23	24

388	11	12	24	25

389	12	13	25	26

390	13	14	26	27

391	14	15	27	28

392	15	16	28	29

393	16	17	29	30

394	1	2	15	16

395	2	3	16	17

396	3	4	17	18

397	4	5	18	19

398	5	6	19	20

399	6	7	20	21

400	7	8	21	22

401	8	9	22	23

402	9	10	23	24

403	10	11	24	25

404	11	12	25	26

405	12	13	26	27

406	13	14	27	28

407	14	15	28	29

408	15	16	29	30

409	1	2	16	17

410	2	3	17	18

411	3	4	18	19

412	4	5	19	20

413	5	6	20	21

414	6	7	21	22

415	7	8	22	23

416	8	9	23	24

417	9	10	24	25

418	10	11	25	26

419	11	12	26	27

420	12	13	27	28

421	13	14	28	29

422	14	15	29	30

423	1	2	17	18

424	2	3	18	19

425	3	4	19	20

426	4	5	20	21

427	5	6	21	22

428	6	7	22	23

429	7	8	23	24

430	8	9	24	25

431	9	10	25	26

432	10	11	26	27

433	11	12	27	28

434	12	13	28	29

435	13	14	29	30

436	1	2	18	19

437	2	3	19	20

438	3	4	20	21

439	4	5	21	22

440	5	6	22	23

441	6	7	23	24

442	7	8	24	25

443	8	9	25	26

444	9	10	26	27

445	10	11	27	28

446	11	12	28	29

447	12	13	29	30

448	1	2	19	20

449	2	3	20	21

450	3	4	21	22

451	4	5	22	23

452	5	6	23	24

453	6	7	24	25

454	7	8	25	26

455	8	9	26	27

456	9	10	27	28

457	10	11	28	29

458	11	12	29	30

459	1	2	20	21

460	2	3	21	22

461	3	4	22	23

462	4	5	23	24

463	5	6	24	25

464	6	7	25	26

465	7	8	26	27

466	8	9	27	28

467	9	10	28	29

468	10	11	29	30

469	1	2	21	22

470	2	3	22	23

471	3	4	23	24

472	4	5	24	25

473	5	6	25	26

474	6	7	26	27

475	7	8	27	28

476	8	9	28	29

477	9	10	29	30

478	1	2	22	23

479	2	3	23	24

480	3	4	24	25

481	4	5	25	26

482	5	6	26	27

483	6	7	27	28

484	7	8	28	29

485	8	9	29	30

486	1	2	23	24

487	2	3	24	25

488	3	4	25	26

489	4	5	26	27

490	5	6	27	28

491	6	7	28	29

492	7	8	29	30

493	1	2	24	25

494	2	3	25	26

495	3	4	26	27

496	4	5	27	28

497	5	6	28	29

498	6	7	29	30

499	1	2	25	26

500	2	3	26	27

501	3	4	27	28

502	4	5	28	29

503	5	6	29	30

504	1	2	26	27

505	2	3	27	28

506	3	4	28	29

507	4	5	29	30

508	1	2	27	28

509	2	3	28	29

510	3	4	29	30

511	1	2	28	29

512	2	3	29	30

513	1	2	29	30

514	1	3	5	7

515	2	4	6	8

516	3	5	7	9

517	4	6	8	10

518	5	7	9	11

519	6	8	10	12

520	7	9	11	13

521	8	10	12	14

522	9	11	13	15

523	10	12	14	16

524	11	13	15	17

525	12	14	16	18

526	13	15	17	19

527	14	16	18	20

528	15	17	19	21

529	16	18	20	22

530	17	19	21	23

531	18	20	22	24

532	19	21	23	25

533	20	22	24	26

534	21	23	25	27

535	22	24	26	28

536	23	25	27	29

537	24	26	28	30

538	1	3	7	9

539	2	4	8	10

540	3	5	9	11

541	4	6	10	12

542	5	7	11	13

543	6	8	12	14

544	7	9	13	15

545	8	10	14	16

546	9	11	15	17

547	10	12	16	18

548	11	13	17	19

549	12	14	18	20

550	13	15	19	21

551	14	16	20	22

552	15	17	21	23

553	16	18	22	24

554	17	19	23	25

555	18	20	24	26

556	19	21	25	27

557	20	22	26	28

558	21	23	27	29

559	22	24	28	30

560	1	3	9	11

561	2	4	10	12

562	3	5	11	13

563	4	6	12	14

564	5	7	13	15

565	6	8	14	16

566	7	9	15	17

567	8	10	16	18

568	9	11	17	19

569	10	12	18	20

570	11	13	19	21

571	12	14	20	22

572	13	15	21	23

573	14	16	22	24

574	15	17	23	25

575	16	18	24	26

576	17	19	25	27

577	18	20	26	28

578	19	21	27	29

579	20	22	28	30

580	1	3	11	13

581	2	4	12	14

582	3	5	13	15

583	4	6	14	16

584	5	7	15	17

585	6	8	16	18

586	7	9	17	19

587	8	10	18	20

588	9	11	19	21

589	10	12	20	22

590	11	13	21	23

591	12	14	22	24

592	13	15	23	25

593	14	16	24	26

594	15	17	25	27

595	16	18	26	28

596	17	19	27	29

597	18	20	28	30

598	1	3	13	15

599	2	4	14	16

600	3	5	15	17

601	4	6	16	18

602	5	7	17	19

603	6	8	18	20

604	7	9	19	21

605	8	10	20	22

606	9	11	21	23

67	10	12	22	24

608	11	13	23	25

609	12	14	24	26

610	13	15	25	27

611	14	16	26	28

612	15	17	27	29

613	16	18	28	30

614	1	3	15	17

615	2	4	16	18

616	3	5	17	19

617	4	6	18	20

618	5	7	19	21

619	6	8	20	22

620	7	9	21	23

621	8	10	22	24

622	9	11	23	25

623	10	12	24	26

624	11	13	25	27

625	12	14	26	28

626	13	15	27	29

627	14	16	28	30

628	1	3	17	19

629	2	4	18	20

630	3	5	19	21

631	4	6	20	22

632	5	7	21	23

633	6	8	22	24

634	7	9	23	25

635	8	10	24	26

636	9	11	25	27

637	10	12	26	28

638	11	13	27	29

639	12	14	28	30

640	1	3	19	21

641	2	4	20	22

642	3	5	21	23

643	4	6	22	24

644	5	7	23	25

645	6	8	24	26

646	7	9	25	27

647	8	10	26	28

648	9	11	27	29

649	10	12	28	30

650	1	3	21	23

651	2	4	22	24

652	3	5	23	25

653	4	6	24	26

654	5	7	25	27

655	6	8	26	28

656	7	9	27	29

657	8	10	28	30

658	1	3	23	25

659	2	4	24	26

660	3	5	25	27

661	4	6	26	28

662	5	7	27	29

663	6	8	28	30

664	1	3	25	27

665	2	4	26	28

666	3	5	27	29

667	4	6	28	30

668	1	3	27	29

669	2	4	28	30

670	1	4	7	10

671	2	5	8	11

672	3	6	9	12

673	4	7	10	13

674	5	8	11	14

675	6	9	12	15

676	7	10	13	16

677	8	11	14	17

678	9	12	15	18

679	10	13	16	19

680	11	14	17	20

681	12	15	18	21

682	13	16	19	22

683	14	17	20	23

684	15	18	21	24

685	16	19	22	25

686	17	20	23	26

687	18	21	24	27

688	19	22	25	28

689	20	23	26	29

690	21	24	27	30

691	1	4	10	13

692	2	5	11	14

693	3	6	12	15

694	4	7	13	16

695	5	8	14	17

696	6	9	15	18

697	7	10	16	19

698	8	11	17	20

699	9	12	18	21

700	10	13	19	22

701	11	14	20	23

702	12	15	21	24

703	13	16	22	25

704	14	17	23	26

705	15	18	24	27

706	16	19	25	28

707	17	20	26	29

708	18	21	27	30

709	1	4	13	16

710	2	5	14	17

711	3	6	15	18

712	4	7	16	19

713	5	8	17	20

714	6	9	18	21

715	7	10	19	22

716	8	11	20	23

717	9	12	21	24

718	10	13	22	25

719	11	14	23	26

720	12	15	24	27

721	13	16	25	28

722	14	17	26	29

723	15	18	27	30

724	1	4	16	19

725	2	5	17	20

726	3	6	18	21

727	4	7	19	22

728	5	8	20	23

729	6	9	21	24

730	7	10	22	25

731	8	11	23	26

732	9	12	24	27

733	10	13	25	28

734	11	14	26	29

735	12	15	27	30

736	1	4	19	22

737	2	5	20	23

738	3	6	21	24

739	4	7	22	25

740	5	8	23	26

741	6	9	24	27

742	7	10	25	28

743	8	11	26	29

744	9	12	27	30

745	1	4	22	25

746	2	5	23	26

747	3	6	24	27

748	4	7	25	28

749	5	8	26	29

750	6	9	27	30

751	1	4	25	28

752	2	5	26	29

753	3	6	27	30

754	1	5	9	13

755	2	6	10	14

756	3	7	11	15

757	4	8	12	16

758	5	9	13	17

759	6	10	14	18

760	7	11	15	19

761	8	12	16	20

762	9	13	17	21

763	10	14	18	22

764	11	15	19	23

765	12	16	20	24

766	13	17	21	25

767	14	18	22	26

768	15	19	23	27

769	16	20	24	28

770	17	21	25	29

771	18	22	26	30

772	1	5	13	17

773	2	6	14	18

774	3	7	15	19

775	4	8	16	20

776	5	9	17	21

777	6	10	18	22

778	7	11	19	23

779	8	12	20	24

780	9	13	21	25

781	10	14	22	26

782	11	15	23	27

783	12	16	24	28

784	13	17	25	29

785	14	18	26	30

786	1	5	17	21

787	2	6	18	22

788	3	7	19	23

789	4	8	20	24

790	5	9	21	25

791	6	10	22	26

792	7	11	23	27

793	8	12	24	28

794	9	13	25	29

795	10	14	26	30

796	1	5	21	25

797	2	6	22	26

798	3	7	23	27

799	4	8	24	28

800	5	9	25	29

801	6	10	26	30

802	1	5	25	29

803	2	6	26	30

804	1	6	11	16

805	2	7	12	17

806	3	8	13	18

807	4	9	14	19

808	5	10	15	20

809	6	11	16	21

810	7	12	17	22

811	8	13	18	23

812	9	14	19	24

813	10	15	20	25

814	11	16	21	26

815	12	17	22	27

816	13	18	23	28

817	14	19	24	29

818	15	20	25	30

819	1	6	16	21

820	2	7	17	22

821	3	8	18	23

822	4	9	19	24

823	5	10	20	25

824	6	11	21	26

825	7	12	22	27

826	8	13	23	28

827	9	14	24	29

828	10	15	25	30

829	1	6	21	26

830	2	7	22	27

831	3	8	23	28

832	4	9	24	29

833	5	10	25	30

834	1	7	13	19

835	2	8	14	20

836	3	9	15	21

837	4	10	16	22

838	5	11	17	23

839	6	12	18	24

840	7	13	19	25

841	8	14	20	26

842	9	15	21	27

843	10	16	22	28

844	11	17	23	29

845	12	18	24	30

846	1	7	19	25

847	2	8	20	26

848	3	9	21	27

849	4	10	22	28

850	5	11	23	29

851	6	12	24	30

852	1	8	15	22

853	2	9	16	23

854	3	10	17	24

855	4	11	18	25

856	5	12	19	26

857	6	13	20	27

858	7	14	21	28

859	8	15	22	29

860	9	16	23	30

861	1	8	22	29

862	2	9	23	30

863	1	9	17	25

864	2	10	18	26

865	3	11	19	27

866	4	12	20	28

867	5	13	21	29

868	6	14	22	30

869	1	10	19	28

870	2	11	20	29

871	3	12	21	30