# X Y Z
 1 0.00 0.00 0.00
 2 1.00 0.00 0.00
 3 2.00 0.00 0.00
 4 3.00 0.00 0.00
 5 4.00 0.00 0.00
 6 5.00 0.00 0.00
 7 6.00 0.00 0.00
 8 7.00 0.00 0.00
 9 8.00 0.00 0.00
10 9.00 0.00 0.00
11 10.00 0.00 0.00
12 11.00 0.00 0.00
13 12.00 0.00 0.00
14 13.00 0.00 0.00
15 14.00 0.00 0.00
16 15.00 0.00 0.00
17 16.00 0.00 0.00
18 17.00 0.00 0.00
19 18.00 0.00 0.00
20 19.00 0.00 0.00
21 20.00 0.00 0.00
22 21.00 0.00 0.00
23 22.00 0.00 0.00
24 23.00 0.00 0.00
25 24.00 0.00 0.00
26 25.00 0.00 0.00
27 26.00 0.00 0.00
28 27.00 0.00 0.00
29 28.00 0.00 0.00
30 29.00 0.00 0.00
31 30.00 0.00 0.00
32 31.00 0.00 0.00
33 32.00 0.00 0.00
34 33.00 0.00 0.00
35 34.00 0.00 0.00
36 35.00 0.00 0.00
# A B M N
   1    1    2    3    4
   2    1    2    4    5
   3    1    2    5    6
   4    1    2    6    7
   5    1    2    7    8
   6    1    2    8    9
   7    1    2    9   10
   8    1    2   10   11
   9    1    2   11   12
  10    1    2   12   13
  11    1    2   13   14
  12    1    2   14   15
  13    1    2   15   16
  14    1    2   16   17
  15    1    2   17   18
  16    1    2   18   19
  17    1    2   19   20
  18    1    2   20   21
  19    1    2   21   22
  20    1    2   22   23
  21    1    2   23   24
  22    1    2   24   25
  23    1    2   25   26
  24    1    2   26   27
  25    1    2   27   28
  26    1    2   28   29
  27    1    2   29   30
  28    1    2   30   31
  29    1    2   31   32
  30    1    2   32   33
  31    1    2   33   34
  32    1    2   34   35
  33    1    2   35   36
  34    1    3    5    7
  35    1    3    7    9
  36    1    3    9   11
  37    1    3   11   13
  38    1    3   13   15
  39    1    3   15   17
  40    1    3   17   19
  41    1    3   19   21
  42    1    3   21   23
  43    1    3   23   25
  44    1    3   25   27
  45    1    3   27   29
  46    1    3   29   31
  47    1    3   31   33
  48    1    3   33   35
  49    1    4    2    3
  50    1    4    7   10
  51    1    4   10   13
  52    1    4   13   16
  53    1    4   16   19
  54    1    4   19   22
  55    1    4   22   25
  56    1    4   25   28
  57    1    4   28   31
  58    1    4   31   34
  59    1    5    9   13
  60    1    5   13   17
  61    1    5   17   21
  62    1    5   21   25
  63    1    5   25   29
  64    1    5   29   33
  65    1    6   11   16
  66    1    6   16   21
  67    1    6   21   26
  68    1    6   26   31
  69    1    6   31   36
  70    1    7    3    5
  71    1    7   13   19
  72    1    7   19   25
  73    1    7   25   31
  74    1    8   15   22
  75    1    8   22   29
  76    1    8   29   36
  77    1    9   17   25
  78    1    9   25   33
  79    1   10    4    7
  80    1   10   19   28
  81    1   11   21   31
  82    1   12   23   34
  83    1   13    5    9
  84    1   16    6   11
  85    1   19    7   13
  86    1   22    8   15
  87    1   25    9   17
  88    1   28   10   19
  89    1   31   11   21
  90    1   34   12   23
  91    2    3    4    5
  92    2    3    5    6
  93    2    3    6    7
  94    2    3    7    8
  95    2    3    8    9
  96    2    3    9   10
  97    2    3   10   11
  98    2    3   11   12
  99    2    3   12   13
 100    2    3   13   14
 101    2    3   14   15
 102    2    3   15   16
 103    2    3   16   17
 104    2    3   17   18
 105    2    3   18   19
 106    2    3   19   20
 107    2    3   20   21
 108    2    3   21   22
 109    2    3   22   23
 110    2    3   23   24
 111    2    3   24   25
 112    2    3   25   26
 113    2    3   26   27
 114    2    3   27   28
 115    2    3   28   29
 116    2    3   29   30
 117    2    3   30   31
 118    2    3   31   32
 119    2    3   32   33
 120    2    3   33   34
 121    2    3   34   35
 122    2    3   35   36
 123    2    4    6    8
 124    2    4    8   10
 125    2    4   10   12
 126    2    4   12   14
 127    2    4   14   16
 128    2    4   16   18
 129    2    4   18   20
 130    2    4   20   22
 131    2    4   22   24
 132    2    4   24   26
 133    2    4   26   28
 134    2    4   28   30
 135    2    4   30   32
 136    2    4   32   34
 137    2    4   34   36
 138    2    5    3    4
 139    2    5    8   11
 140    2    5   11   14
 141    2    5   14   17
 142    2    5   17   20
 143    2    5   20   23
 144    2    5   23   26
 145    2    5   26   29
 146    2    5   29   32
 147    2    5   32   35
 148    2    6   10   14
 149    2    6   14   18
 150    2    6   18   22
 151    2    6   22   26
 152    2    6   26   30
 153    2    6   30   34
 154    2    7   12   17
 155    2    7   17   22
 156    2    7   22   27
 157    2    7   27   32
 158    2    8    4    6
 159    2    8   14   20
 160    2    8   20   26
 161    2    8   26   32
 162    2    9   16   23
 163    2    9   23   30
 164    2   10   18   26
 165    2   10   26   34
 166    2   11    5    8
 167    2   11   20   29
 168    2   12   22   32
 169    2   13   24   35
 170    2   14    6   10
 171    2   17    7   12
 172    2   20    8   14
 173    2   23    9   16
 174    2   26   10   18
 175    2   29   11   20
 176    2   32   12   22
 177    2   35   13   24
 178    3    4    1    2
 179    3    4    5    6
 180    3    4    6    7
 181    3    4    7    8
 182    3    4    8    9
 183    3    4    9   10
 184    3    4   10   11
 185    3    4   11   12
 186    3    4   12   13
 187    3    4   13   14
 188    3    4   14   15
 189    3    4   15   16
 190    3    4   16   17
 191    3    4   17   18
 192    3    4   18   19
 193    3    4   19   20
 194    3    4   20   21
 195    3    4   21   22
 196    3    4   22   23
 197    3    4   23   24
 198    3    4   24   25
 199    3    4   25   26
 200    3    4   26   27
 201    3    4   27   28
 202    3    4   28   29
 203    3    4   29   30
 204    3    4   30   31
 205    3    4   31   32
 206    3    4   32   33
 207    3    4   33   34
 208    3    4   34   35
 209    3    4   35   36
 210    3    5    7    9
 211    3    5    9   11
 212    3    5   11   13
 213    3    5   13   15
 214    3    5   15   17
 215    3    5   17   19
 216    3    5   19   21
 217    3    5   21   23
 218    3    5   23   25
 219    3    5   25   27
 220    3    5   27   29
 221    3    5   29   31
 222    3    5   31   33
 223    3    5   33   35
 224    3    6    4    5
 225    3    6    9   12
 226    3    6   12   15
 227    3    6   15   18
 228    3    6   18   21
 229    3    6   21   24
 230    3    6   24   27
 231    3    6   27   30
 232    3    6   30   33
 233    3    6   33   36
 234    3    7   11   15
 235    3    7   15   19
 236    3    7   19   23
 237    3    7   23   27
 238    3    7   27   31
 239    3    7   31   35
 240    3    8   13   18
 241    3    8   18   23
 242    3    8   23   28
 243    3    8   28   33
 244    3    9    5    7
 245    3    9   15   21
 246    3    9   21   27
 247    3    9   27   33
 248    3   10   17   24
 249    3   10   24   31
 250    3   11   19   27
 251    3   11   27   35
 252    3   12    6    9
 253    3   12   21   30
 254    3   13   23   33
 255    3   14   25   36
 256    3   15    7   11
 257    3   18    8   13
 258    3   21    9   15
 259    3   24   10   17
 260    3   27   11   19
 261    3   30   12   21
 262    3   33   13   23
 263    3   36   14   25
 264    4    5    1    2
 265    4    5    2    3
 266    4    5    6    7
 267    4    5    7    8
 268    4    5    8    9
 269    4    5    9   10
 270    4    5   10   11
 271    4    5   11   12
 272    4    5   12   13
 273    4    5   13   14
 274    4    5   14   15
 275    4    5   15   16
 276    4    5   16   17
 277    4    5   17   18
 278    4    5   18   19
 279    4    5   19   20
 280    4    5   20   21
 281    4    5   21   22
 282    4    5   22   23
 283    4    5   23   24
 284    4    5   24   25
 285    4    5   25   26
 286    4    5   26   27
 287    4    5   27   28
 288    4    5   28   29
 289    4    5   29   30
 290    4    5   30   31
 291    4    5   31   32
 292    4    5   32   33
 293    4    5   33   34
 294    4    5   34   35
 295    4    5   35   36
 296    4    6    8   10
 297    4    6   10   12
 298    4    6   12   14
 299    4    6   14   16
 300    4    6   16   18
 301    4    6   18   20
 302    4    6   20   22
 303    4    6   22   24
 304    4    6   24   26
 305    4    6   26   28
 306    4    6   28   30
 307    4    6   30   32
 308    4    6   32   34
 309    4    6   34   36
 310    4    7    5    6
 311    4    7   10   13
 312    4    7   13   16
 313    4    7   16   19
 314    4    7   19   22
 315    4    7   22   25
 316    4    7   25   28
 317    4    7   28   31
 318    4    7   31   34
 319    4    8   12   16
 320    4    8   16   20
 321    4    8   20   24
 322    4    8   24   28
 323    4    8   28   32
 324    4    8   32   36
 325    4    9   14   19
 326    4    9   19   24
 327    4    9   24   29
 328    4    9   29   34
 329    4   10    6    8
 330    4   10   16   22
 331    4   10   22   28
 332    4   10   28   34
 333    4   11   18   25
 334    4   11   25   32
 335    4   12   20   28
 336    4   12   28   36
 337    4   13    7   10
 338    4   13   22   31
 339    4   14   24   34
 340    4   16    8   12
 341    4   19    9   14
 342    4   22   10   16
 343    4   25   11   18
 344    4   28   12   20
 345    4   31   13   22
 346    4   34   14   24
 347    5    6    1    2
 348    5    6    2    3
 349    5    6    3    4
 350    5    6    7    8
 351    5    6    8    9
 352    5    6    9   10
 353    5    6   10   11
 354    5    6   11   12
 355    5    6   12   13
 356    5    6   13   14
 357    5    6   14   15
 358    5    6   15   16
 359    5    6   16   17
 360    5    6   17   18
 361    5    6   18   19
 362    5    6   19   20
 363    5    6   20   21
 364    5    6   21   22
 365    5    6   22   23
 366    5    6   23   24
 367    5    6   24   25
 368    5    6   25   26
 369    5    6   26   27
 370    5    6   27   28
 371    5    6   28   29
 372    5    6   29   30
 373    5    6   30   31
 374    5    6   31   32
 375    5    6   32   33
 376    5    6   33   34
 377    5    6   34   35
 378    5    6   35   36
 379    5    7    1    3
 380    5    7    9   11
 381    5    7   11   13
 382    5    7   13   15
 383    5    7   15   17
 384    5    7   17   19
 385    5    7   19   21
 386    5    7   21   23
 387    5    7   23   25
 388    5    7   25   27
 389    5    7   27   29
 390    5    7   29   31
 391    5    7   31   33
 392    5    7   33   35
 393    5    8    6    7
 394    5    8   11   14
 395    5    8   14   17
 396    5    8   17   20
 397    5    8   20   23
 398    5    8   23   26
 399    5    8   26   29
 400    5    8   29   32
 401    5    8   32   35
 402    5    9   13   17
 403    5    9   17   21
 404    5    9   21   25
 405    5    9   25   29
 406    5    9   29   33
 407    5   10   15   20
 408    5   10   20   25
 409    5   10   25   30
 410    5   10   30   35
 411    5   11    7    9
 412    5   11   17   23
 413    5   11   23   29
 414    5   11   29   35
 415    5   12   19   26
 416    5   12   26   33
 417    5   13   21   29
 418    5   14    8   11
 419    5   14   23   32
 420    5   15   25   35
 421    5   17    9   13
 422    5   20   10   15
 423    5   23   11   17
 424    5   26   12   19
 425    5   29   13   21
 426    5   32   14   23
 427    5   35   15   25
 428    6    7    1    2
 429    6    7    2    3
 430    6    7    3    4
 431    6    7    4    5
 432    6    7    8    9
 433    6    7    9   10
 434    6    7   10   11
 435    6    7   11   12
 436    6    7   12   13
 437    6    7   13   14
 438    6    7   14   15
 439    6    7   15   16
 440    6    7   16   17
 441    6    7   17   18
 442    6    7   18   19
 443    6    7   19   20
 444    6    7   20   21
 445    6    7   21   22
 446    6    7   22   23
 447    6    7   23   24
 448    6    7   24   25
 449    6    7   25   26
 450    6    7   26   27
 451    6    7   27   28
 452    6    7   28   29
 453    6    7   29   30
 454    6    7   30   31
 455    6    7   31   32
 456    6    7   32   33
 457    6    7   33   34
 458    6    7   34   35
 459    6    7   35   36
 460    6    8    2    4
 461    6    8   10   12
 462    6    8   12   14
 463    6    8   14   16
 464    6    8   16   18
 465    6    8   18   20
 466    6    8   20   22
 467    6    8   22   24
 468    6    8   24   26
 469    6    8   26   28
 470    6    8   28   30
 471    6    8   30   32
 472    6    8   32   34
 473    6    8   34   36
 474    6    9    7    8
 475    6    9   12   15
 476    6    9   15   18
 477    6    9   18   21
 478    6    9   21   24
 479    6    9   24   27
 480    6    9   27   30
 481    6    9   30   33
 482    6    9   33   36
 483    6   10   14   18
 484    6   10   18   22
 485    6   10   22   26
 486    6   10   26   30
 487    6   10   30   34
 488    6   11   16   21
 489    6   11   21   26
 490    6   11   26   31
 491    6   11   31   36
 492    6   12    8   10
 493    6   12   18   24
 494    6   12   24   30
 495    6   12   30   36
 496    6   13   20   27
 497    6   13   27   34
 498    6   14   22   30
 499    6   15    9   12
 500    6   15   24   33
 501    6   16   26   36
 502    6   18   10   14
 503    6   21   11   16
 504    6   24   12   18
 505    6   27   13   20
 506    6   30   14   22
 507    6   33   15   24
 508    6   36   16   26
 509    7    8    1    2
 510    7    8    2    3
 511    7    8    3    4
 512    7    8    4    5
 513    7    8    5    6
 514    7    8    9   10
 515    7    8   10   11
 516    7    8   11   12
 517    7    8   12   13
 518    7    8   13   14
 519    7    8   14   15
 520    7    8   15   16
 521    7    8   16   17
 522    7    8   17   18
 523    7    8   18   19
 524    7    8   19   20
 525    7    8   20   21
 526    7    8   21   22
 527    7    8   22   23
 528    7    8   23   24
 529    7    8   24   25
 530    7    8   25   26
 531    7    8   26   27
 532    7    8   27   28
 533    7    8   28   29
 534    7    8   29   30
 535    7    8   30   31
 536    7    8   31   32
 537    7    8   32   33
 538    7    8   33   34
 539    7    8   34   35
 540    7    8   35   36
 541    7    9    1    3
 542    7    9    3    5
 543    7    9   11   13
 544    7    9   13   15
 545    7    9   15   17
 546    7    9   17   19
 547    7    9   19   21
 548    7    9   21   23
 549    7    9   23   25
 550    7    9   25   27
 551    7    9   27   29
 552    7    9   29   31
 553    7    9   31   33
 554    7    9   33   35
 555    7   10    1    4
 556    7   10    8    9
 557    7   10   13   16
 558    7   10   16   19
 559    7   10   19   22
 560    7   10   22   25
 561    7   10   25   28
 562    7   10   28   31
 563    7   10   31   34
 564    7   11   15   19
 565    7   11   19   23
 566    7   11   23   27
 567    7   11   27   31
 568    7   11   31   35
 569    7   12   17   22
 570    7   12   22   27
 571    7   12   27   32
 572    7   13    9   11
 573    7   13   19   25
 574    7   13   25   31
 575    7   14   21   28
 576    7   14   28   35
 577    7   15   23   31
 578    7   16   10   13
 579    7   16   25   34
 580    7   19   11   15
 581    7   22   12   17
 582    7   25   13   19
 583    7   28   14   21
 584    7   31   15   23
 585    7   34   16   25
 586    8    9    1    2
 587    8    9    2    3
 588    8    9    3    4
 589    8    9    4    5
 590    8    9    5    6
 591    8    9    6    7
 592    8    9   10   11
 593    8    9   11   12
 594    8    9   12   13
 595    8    9   13   14
 596    8    9   14   15
 597    8    9   15   16
 598    8    9   16   17
 599    8    9   17   18
 600    8    9   18   19
 601    8    9   19   20
 602    8    9   20   21
 603    8    9   21   22
 604    8    9   22   23
 605    8    9   23   24
 606    8    9   24   25
 607    8    9   25   26
 608    8    9   26   27
 609    8    9   27   28
 610    8    9   28   29
 611    8    9   29   30
 612    8    9   30   31
 613    8    9   31   32
 614    8    9   32   33
 615    8    9   33   34
 616    8    9   34   35
 617    8    9   35   36
 618    8   10    2    4
 619    8   10    4    6
 620    8   10   12   14
 621    8   10   14   16
 622    8   10   16   18
 623    8   10   18   20
 624    8   10   20   22
 625    8   10   22   24
 626    8   10   24   26
 627    8   10   26   28
 628    8   10   28   30
 629    8   10   30   32
 630    8   10   32   34
 631    8   10   34   36
 632    8   11    2    5
 633    8   11    9   10
 634    8   11   14   17
 635    8   11   17   20
 636    8   11   20   23
 637    8   11   23   26
 638    8   11   26   29
 639    8   11   29   32
 640    8   11   32   35
 641    8   12   16   20
 642    8   12   20   24
 643    8   12   24   28
 644    8   12   28   32
 645    8   12   32   36
 646    8   13   18   23
 647    8   13   23   28
 648    8   13   28   33
 649    8   14   10   12
 650    8   14   20   26
 651    8   14   26   32
 652    8   15   22   29
 653    8   15   29   36
 654    8   16   24   32
 655    8   17   11   14
 656    8   17   26   35
 657    8   20   12   16
 658    8   23   13   18
 659    8   26   14   20
 660    8   29   15   22
 661    8   32   16   24
 662    8   35   17   26
 663    9   10    1    2
 664    9   10    2    3
 665    9   10    3    4
 666    9   10    4    5
 667    9   10    5    6
 668    9   10    6    7
 669    9   10    7    8
 670    9   10   11   12
 671    9   10   12   13
 672    9   10   13   14
 673    9   10   14   15
 674    9   10   15   16
 675    9   10   16   17
 676    9   10   17   18
 677    9   10   18   19
 678    9   10   19   20
 679    9   10   20   21
 680    9   10   21   22
 681    9   10   22   23
 682    9   10   23   24
 683    9   10   24   25
 684    9   10   25   26
 685    9   10   26   27
 686    9   10   27   28
 687    9   10   28   29
 688    9   10   29   30
 689    9   10   30   31
 690    9   10   31   32
 691    9   10   32   33
 692    9   10   33   34
 693    9   10   34   35
 694    9   10   35   36
 695    9   11    1    3
 696    9   11    3    5
 697    9   11    5    7
 698    9   11   13   15
 699    9   11   15   17
 700    9   11   17   19
 701    9   11   19   21
 702    9   11   21   23
 703    9   11   23   25
 704    9   11   25   27
 705    9   11   27   29
 706    9   11   29   31
 707    9   11   31   33
 708    9   11   33   35
 709    9   12    3    6
 710    9   12   10   11
 711    9   12   15   18
 712    9   12   18   21
 713    9   12   21   24
 714    9   12   24   27
 715    9   12   27   30
 716    9   12   30   33
 717    9   12   33   36
 718    9   13    1    5
 719    9   13   17   21
 720    9   13   21   25
 721    9   13   25   29
 722    9   13   29   33
 723    9   14   19   24
 724    9   14   24   29
 725    9   14   29   34
 726    9   15   11   13
 727    9   15   21   27
 728    9   15   27   33
 729    9   16   23   30
 730    9   17   25   33
 731    9   18   12   15
 732    9   18   27   36
 733    9   21   13   17
 734    9   24   14   19
 735    9   27   15   21
 736    9   30   16   23
 737    9   33   17   25
 738    9   36   18   27
 739   10   11    1    2
 740   10   11    2    3
 741   10   11    3    4
 742   10   11    4    5
 743   10   11    5    6
 744   10   11    6    7
 745   10   11    7    8
 746   10   11    8    9
 747   10   11   12   13
 748   10   11   13   14
 749   10   11   14   15
 750   10   11   15   16
 751   10   11   16   17
 752   10   11   17   18
 753   10   11   18   19
 754   10   11   19   20
 755   10   11   20   21
 756   10   11   21   22
 757   10   11   22   23
 758   10   11   23   24
 759   10   11   24   25
 760   10   11   25   26
 761   10   11   26   27
 762   10   11   27   28
 763   10   11   28   29
 764   10   11   29   30
 765   10   11   30   31
 766   10   11   31   32
 767   10   11   32   33
 768   10   11   33   34
 769   10   11   34   35
 770   10   11   35   36
 771   10   12    2    4
 772   10   12    4    6
 773   10   12    6    8
 774   10   12   14   16
 775   10   12   16   18
 776   10   12   18   20
 777   10   12   20   22
 778   10   12   22   24
 779   10   12   24   26
 780   10   12   26   28
 781   10   12   28   30
 782   10   12   30   32
 783   10   12   32   34
 784   10   12   34   36
 785   10   13    1    4
 786   10   13    4    7
 787   10   13   11   12
 788   10   13   16   19
 789   10   13   19   22
 790   10   13   22   25
 791   10   13   25   28
 792   10   13   28   31
 793   10   13   31   34
 794   10   14    2    6
 795   10   14   18   22
 796   10   14   22   26
 797   10   14   26   30
 798   10   14   30   34
 799   10   15   20   25
 800   10   15   25   30
 801   10   15   30   35
 802   10   16   12   14
 803   10   16   22   28
 804   10   16   28   34
 805   10   17   24   31
 806   10   18   26   34
 807   10   19   13   16
 808   10   22   14   18
 809   10   25   15   20
 810   10   28   16   22
 811   10   31   17   24
 812   10   34   18   26
 813   11   12    1    2
 814   11   12    2    3
 815   11   12    3    4
 816   11   12    4    5
 817   11   12    5    6
 818   11   12    6    7
 819   11   12    7    8
 820   11   12    8    9
 821   11   12    9   10
 822   11   12   13   14
 823   11   12   14   15
 824   11   12   15   16
 825   11   12   16   17
 826   11   12   17   18
 827   11   12   18   19
 828   11   12   19   20
 829   11   12   20   21
 830   11   12   21   22
 831   11   12   22   23
 832   11   12   23   24
 833   11   12   24   25
 834   11   12   25   26
 835   11   12   26   27
 836   11   12   27   28
 837   11   12   28   29
 838   11   12   29   30
 839   11   12   30   31
 840   11   12   31   32
 841   11   12   32   33
 842   11   12   33   34
 843   11   12   34   35
 844   11   12   35   36
 845   11   13    1    3
 846   11   13    3    5
 847   11   13    5    7
 848   11   13    7    9
 849   11   13   15   17
 850   11   13   17   19
 851   11   13   19   21
 852   11   13   21   23
 853   11   13   23   25
 854   11   13   25   27
 855   11   13   27   29
 856   11   13   29   31
 857   11   13   31   33
 858   11   13   33   35
 859   11   14    2    5
 860   11   14    5    8
 861   11   14   12   13
 862   11   14   17   20
 863   11   14   20   23
 864   11   14   23   26
 865   11   14   26   29
 866   11   14   29   32
 867   11   14   32   35
 868   11   15    3    7
 869   11   15   19   23
 870   11   15   23   27
 871   11   15   27   31
 872   11   15   31   35
 873   11   16    1    6
 874   11   16   21   26
 875   11   16   26   31
 876   11   16   31   36
 877   11   17   13   15
 878   11   17   23   29
 879   11   17   29   35
 880   11   18   25   32
 881   11   19   27   35
 882   11   20   14   17
 883   11   23   15   19
 884   11   26   16   21
 885   11   29   17   23
 886   11   32   18   25
 887   11   35   19   27
 888   12   13    1    2
 889   12   13    2    3
 890   12   13    3    4
 891   12   13    4    5
 892   12   13    5    6
 893   12   13    6    7
 894   12   13    7    8
 895   12   13    8    9
 896   12   13    9   10
 897   12   13   10   11
 898   12   13   14   15
 899   12   13   15   16
 900   12   13   16   17
 901   12   13   17   18
 902   12   13   18   19
 903   12   13   19   20
 904   12   13   20   21
 905   12   13   21   22
 906   12   13   22   23
 907   12   13   23   24
 908   12   13   24   25
 909   12   13   25   26
 910   12   13   26   27
 911   12   13   27   28
 912   12   13   28   29
 913   12   13   29   30
 914   12   13   30   31
 915   12   13   31   32
 916   12   13   32   33
 917   12   13   33   34
 918   12   13   34   35
 919   12   13   35   36
 920   12   14    2    4
 921   12   14    4    6
 922   12   14    6    8
 923   12   14    8   10
 924   12   14   16   18
 925   12   14   18   20
 926   12   14   20   22
 927   12   14   22   24
 928   12   14   24   26
 929   12   14   26   28
 930   12   14   28   30
 931   12   14   30   32
 932   12   14   32   34
 933   12   14   34   36
 934   12   15    3    6
 935   12   15    6    9
 936   12   15   13   14
 937   12   15   18   21
 938   12   15   21   24
 939   12   15   24   27
 940   12   15   27   30
 941   12   15   30   33
 942   12   15   33   36
 943   12   16    4    8
 944   12   16   20   24
 945   12   16   24   28
 946   12   16   28   32
 947   12   16   32   36
 948   12   17    2    7
 949   12   17   22   27
 950   12   17   27   32
 951   12   18   14   16
 952   12   18   24   30
 953   12   18   30   36
 954   12   19   26   33
 955   12   20   28   36
 956   12   21   15   18
 957   12   24   16   20
 958   12   27   17   22
 959   12   30   18   24
 960   12   33   19   26
 961   12   36   20   28
 962   13   14    1    2
 963   13   14    2    3
 964   13   14    3    4
 965   13   14    4    5
 966   13   14    5    6
 967   13   14    6    7
 968   13   14    7    8
 969   13   14    8    9
 970   13   14    9   10
 971   13   14   10   11
 972   13   14   11   12
 973   13   14   15   16
 974   13   14   16   17
 975   13   14   17   18
 976   13   14   18   19
 977   13   14   19   20
 978   13   14   20   21
 979   13   14   21   22
 980   13   14   22   23
 981   13   14   23   24
 982   13   14   24   25
 983   13   14   25   26
 984   13   14   26   27
 985   13   14   27   28
 986   13   14   28   29
 987   13   14   29   30
 988   13   14   30   31
 989   13   14   31   32
 990   13   14   32   33
 991   13   14   33   34
 992   13   14   34   35
 993   13   14   35   36
 994   13   15    1    3
 995   13   15    3    5
 996   13   15    5    7
 997   13   15    7    9
 998   13   15    9   11
 999   13   15   17   19
1000   13   15   19   21
1001   13   15   21   23
1002   13   15   23   25
1003   13   15   25   27
1004   13   15   27   29
1005   13   15   29   31
1006   13   15   31   33
1007   13   15   33   35
1008   13   16    1    4
1009   13   16    4    7
1010   13   16    7   10
1011   13   16   14   15
1012   13   16   19   22
1013   13   16   22   25
1014   13   16   25   28
1015   13   16   28   31
1016   13   16   31   34
1017   13   17    1    5
1018   13   17    5    9
1019   13   17   21   25
1020   13   17   25   29
1021   13   17   29   33
1022   13   18    3    8
1023   13   18   23   28
1024   13   18   28   33
1025   13   19    1    7
1026   13   19   15   17
1027   13   19   25   31
1028   13   20   27   34
1029   13   22   16   19
1030   13   25   17   21
1031   13   28   18   23
1032   13   31   19   25
1033   13   34   20   27
1034   14   15    1    2
1035   14   15    2    3
1036   14   15    3    4
1037   14   15    4    5
1038   14   15    5    6
1039   14   15    6    7
1040   14   15    7    8
1041   14   15    8    9
1042   14   15    9   10
1043   14   15   10   11
1044   14   15   11   12
1045   14   15   12   13
1046   14   15   16   17
1047   14   15   17   18
1048   14   15   18   19
1049   14   15   19   20
1050   14   15   20   21
1051   14   15   21   22
1052   14   15   22   23
1053   14   15   23   24
1054   14   15   24   25
1055   14   15   25   26
1056   14   15   26   27
1057   14   15   27   28
1058   14   15   28   29
1059   14   15   29   30
1060   14   15   30   31
1061   14   15   31   32
1062   14   15   32   33
1063   14   15   33   34
1064   14   15   34   35
1065   14   15   35   36
1066   14   16    2    4
1067   14   16    4    6
1068   14   16    6    8
1069   14   16    8   10
1070   14   16   10   12
1071   14   16   18   20
1072   14   16   20   22
1073   14   16   22   24
1074   14   16   24   26
1075   14   16   26   28
1076   14   16   28   30
1077   14   16   30   32
1078   14   16   32   34
1079   14   16   34   36
1080   14   17    2    5
1081   14   17    5    8
1082   14   17    8   11
1083   14   17   15   16
1084   14   17   20   23
1085   14   17   23   26
1086   14   17   26   29
1087   14   17   29   32
1088   14   17   32   35
1089   14   18    2    6
1090   14   18    6   10
1091   14   18   22   26
1092   14   18   26   30
1093   14   18   30   34
1094   14   19    4    9
1095   14   19   24   29
1096   14   19   29   34
1097   14   20    2    8
1098   14   20   16   18
1099   14   20   26   32
1100   14   21   28   35
1101   14   23   17   20
1102   14   26   18   22
1103   14   29   19   24
1104   14   32   20   26
1105   14   35   21   28
1106   15   16    1    2
1107   15   16    2    3
1108   15   16    3    4
1109   15   16    4    5
1110   15   16    5    6
1111   15   16    6    7
1112   15   16    7    8
1113   15   16    8    9
1114   15   16    9   10
1115   15   16   10   11
1116   15   16   11   12
1117   15   16   12   13
1118   15   16   13   14
1119   15   16   17   18
1120   15   16   18   19
1121   15   16   19   20
1122   15   16   20   21
1123   15   16   21   22
1124   15   16   22   23
1125   15   16   23   24
1126   15   16   24   25
1127   15   16   25   26
1128   15   16   26   27
1129   15   16   27   28
1130   15   16   28   29
1131   15   16   29   30
1132   15   16   30   31
1133   15   16   31   32
1134   15   16   32   33
1135   15   16   33   34
1136   15   16   34   35
1137   15   16   35   36
1138   15   17    1    3
1139   15   17    3    5
1140   15   17    5    7
1141   15   17    7    9
1142   15   17    9   11
1143   15   17   11   13
1144   15   17   19   21
1145   15   17   21   23
1146   15   17   23   25
1147   15   17   25   27
1148   15   17   27   29
1149   15   17   29   31
1150   15   17   31   33
1151   15   17   33   35
1152   15   18    3    6
1153   15   18    6    9
1154   15   18    9   12
1155   15   18   16   17
1156   15   18   21   24
1157   15   18   24   27
1158   15   18   27   30
1159   15   18   30   33
1160   15   18   33   36
1161   15   19    3    7
1162   15   19    7   11
1163   15   19   23   27
1164   15   19   27   31
1165   15   19   31   35
1166   15   20    5   10
1167   15   20   25   30
1168   15   20   30   35
1169   15   21    3    9
1170   15   21   17   19
1171   15   21   27   33
1172   15   22    1    8
1173   15   22   29   36
1174   15   24   18   21
1175   15   27   19   23
1176   15   30   20   25
1177   15   33   21   27
1178   15   36   22   29
1179   16   17    1    2
1180   16   17    2    3
1181   16   17    3    4
1182   16   17    4    5
1183   16   17    5    6
1184   16   17    6    7
1185   16   17    7    8
1186   16   17    8    9
1187   16   17    9   10
1188   16   17   10   11
1189   16   17   11   12
1190   16   17   12   13
1191   16   17   13   14
1192   16   17   14   15
1193   16   17   18   19
1194   16   17   19   20
1195   16   17   20   21
1196   16   17   21   22
1197   16   17   22   23
1198   16   17   23   24
1199   16   17   24   25
1200   16   17   25   26
1201   16   17   26   27
1202   16   17   27   28
1203   16   17   28   29
1204   16   17   29   30
1205   16   17   30   31
1206   16   17   31   32
1207   16   17   32   33
1208   16   17   33   34
1209   16   17   34   35
1210   16   17   35   36
1211   16   18    2    4
1212   16   18    4    6
1213   16   18    6    8
1214   16   18    8   10
1215   16   18   10   12
1216   16   18   12   14
1217   16   18   20   22
1218   16   18   22   24
1219   16   18   24   26
1220   16   18   26   28
1221   16   18   28   30
1222   16   18   30   32
1223   16   18   32   34
1224   16   18   34   36
1225   16   19    1    4
1226   16   19    4    7
1227   16   19    7   10
1228   16   19   10   13
1229   16   19   17   18
1230   16   19   22   25
1231   16   19   25   28
1232   16   19   28   31
1233   16   19   31   34
1234   16   20    4    8
1235   16   20    8   12
1236   16   20   24   28
1237   16   20   28   32
1238   16   20   32   36
1239   16   21    1    6
1240   16   21    6   11
1241   16   21   26   31
1242   16   21   31   36
1243   16   22    4   10
1244   16   22   18   20
1245   16   22   28   34
1246   16   23    2    9
1247   16   25   19   22
1248   16   28   20   24
1249   16   31   21   26
1250   16   34   22   28
1251   17   18    1    2
1252   17   18    2    3
1253   17   18    3    4
1254   17   18    4    5
1255   17   18    5    6
1256   17   18    6    7
1257   17   18    7    8
1258   17   18    8    9
1259   17   18    9   10
1260   17   18   10   11
1261   17   18   11   12
1262   17   18   12   13
1263   17   18   13   14
1264   17   18   14   15
1265   17   18   15   16
1266   17   18   19   20
1267   17   18   20   21
1268   17   18   21   22
1269   17   18   22   23
1270   17   18   23   24
1271   17   18   24   25
1272   17   18   25   26
1273   17   18   26   27
1274   17   18   27   28
1275   17   18   28   29
1276   17   18   29   30
1277   17   18   30   31
1278   17   18   31   32
1279   17   18   32   33
1280   17   18   33   34
1281   17   18   34   35
1282   17   18   35   36
1283   17   19    1    3
1284   17   19    3    5
1285   17   19    5    7
1286   17   19    7    9
1287   17   19    9   11
1288   17   19   11   13
1289   17   19   13   15
1290   17   19   21   23
1291   17   19   23   25
1292   17   19   25   27
1293   17   19   27   29
1294   17   19   29   31
1295   17   19   31   33
1296   17   19   33   35
1297   17   20    2    5
1298   17   20    5    8
1299   17   20    8   11
1300   17   20   11   14
1301   17   20   18   19
1302   17   20   23   26
1303   17   20   26   29
1304   17   20   29   32
1305   17   20   32   35
1306   17   21    1    5
1307   17   21    5    9
1308   17   21    9   13
1309   17   21   25   29
1310   17   21   29   33
1311   17   22    2    7
1312   17   22    7   12
1313   17   22   27   32
1314   17   23    5   11
1315   17   23   19   21
1316   17   23   29   35
1317   17   24    3   10
1318   17   25    1    9
1319   17   26   20   23
1320   17   29   21   25
1321   17   32   22   27
1322   17   35   23   29
1323   18   19    1    2
1324   18   19    2    3
1325   18   19    3    4
1326   18   19    4    5
1327   18   19    5    6
1328   18   19    6    7
1329   18   19    7    8
1330   18   19    8    9
1331   18   19    9   10
1332   18   19   10   11
1333   18   19   11   12
1334   18   19   12   13
1335   18   19   13   14
1336   18   19   14   15
1337   18   19   15   16
1338   18   19   16   17
1339   18   19   20   21
1340   18   19   21   22
1341   18   19   22   23
1342   18   19   23   24
1343   18   19   24   25
1344   18   19   25   26
1345   18   19   26   27
1346   18   19   27   28
1347   18   19   28   29
1348   18   19   29   30
1349   18   19   30   31
1350   18   19   31   32
1351   18   19   32   33
1352   18   19   33   34
1353   18   19   34   35
1354   18   19   35   36
1355   18   20    2    4
1356   18   20    4    6
1357   18   20    6    8
1358   18   20    8   10
1359   18   20   10   12
1360   18   20   12   14
1361   18   20   14   16
1362   18   20   22   24
1363   18   20   24   26
1364   18   20   26   28
1365   18   20   28   30
1366   18   20   30   32
1367   18   20   32   34
1368   18   20   34   36
1369   18   21    3    6
1370   18   21    6    9
1371   18   21    9   12
1372   18   21   12   15
1373   18   21   19   20
1374   18   21   24   27
1375   18   21   27   30
1376   18   21   30   33
1377   18   21   33   36
1378   18   22    2    6
1379   18   22    6   10
1380   18   22   10   14
1381   18   22   26   30
1382   18   22   30   34
1383   18   23    3    8
1384   18   23    8   13
1385   18   23   28   33
1386   18   24    6   12
1387   18   24   20   22
1388   18   24   30   36
1389   18   25    4   11
1390   18   26    2   10
1391   18   27   21   24
1392   18   30   22   26
1393   18   33   23   28
1394   18   36   24   30
1395   19   20    1    2
1396   19   20    2    3
1397   19   20    3    4
1398   19   20    4    5
1399   19   20    5    6
1400   19   20    6    7
1401   19   20    7    8
1402   19   20    8    9
1403   19   20    9   10
1404   19   20   10   11
1405   19   20   11   12
1406   19   20   12   13
1407   19   20   13   14
1408   19   20   14   15
1409   19   20   15   16
1410   19   20   16   17
1411   19   20   17   18
1412   19   20   21   22
1413   19   20   22   23
1414   19   20   23   24
1415   19   20   24   25
1416   19   20   25   26
1417   19   20   26   27
1418   19   20   27   28
1419   19   20   28   29
1420   19   20   29   30
1421   19   20   30   31
1422   19   20   31   32
1423   19   20   32   33
1424   19   20   33   34
1425   19   20   34   35
1426   19   20   35   36
1427   19   21    1    3
1428   19   21    3    5
1429   19   21    5    7
1430   19   21    7    9
1431   19   21    9   11
1432   19   21   11   13
1433   19   21   13   15
1434   19   21   15   17
1435   19   21   23   25
1436   19   21   25   27
1437   19   21   27   29
1438   19   21   29   31
1439   19   21   31   33
1440   19   21   33   35
1441   19   22    1    4
1442   19   22    4    7
1443   19   22    7   10
1444   19   22   10   13
1445   19   22   13   16
1446   19   22   20   21
1447   19   22   25   28
1448   19   22   28   31
1449   19   22   31   34
1450   19   23    3    7
1451   19   23    7   11
1452   19   23   11   15
1453   19   23   27   31
1454   19   23   31   35
1455   19   24    4    9
1456   19   24    9   14
1457   19   24   29   34
1458   19   25    1    7
1459   19   25    7   13
1460   19   25   21   23
1461   19   26    5   12
1462   19   27    3   11
1463   19   28    1   10
1464   19   28   22   25
1465   19   31   23   27
1466   19   34   24   29
1467   20   21    1    2
1468   20   21    2    3
1469   20   21    3    4
1470   20   21    4    5
1471   20   21    5    6
1472   20   21    6    7
1473   20   21    7    8
1474   20   21    8    9
1475   20   21    9   10
1476   20   21   10   11
1477   20   21   11   12
1478   20   21   12   13
1479   20   21   13   14
1480   20   21   14   15
1481   20   21   15   16
1482   20   21   16   17
1483   20   21   17   18
1484   20   21   18   19
1485   20   21   22   23
1486   20   21   23   24
1487   20   21   24   25
1488   20   21   25   26
1489   20   21   26   27
1490   20   21   27   28
1491   20   21   28   29
1492   20   21   29   30
1493   20   21   30   31
1494   20   21   31   32
1495   20   21   32   33
1496   20   21   33   34
1497   20   21   34   35
1498   20   21   35   36
1499   20   22    2    4
1500   20   22    4    6
1501   20   22    6    8
1502   20   22    8   10
1503   20   22   10   12
1504   20   22   12   14
1505   20   22   14   16
1506   20   22   16   18
1507   20   22   24   26
1508   20   22   26   28
1509   20   22   28   30
1510   20   22   30   32
1511   20   22   32   34
1512   20   22   34   36
1513   20   23    2    5
1514   20   23    5    8
1515   20   23    8   11
1516   20   23   11   14
1517   20   23   14   17
1518   20   23   21   22
1519   20   23   26   29
1520   20   23   29   32
1521   20   23   32   35
1522   20   24    4    8
1523   20   24    8   12
1524   20   24   12   16
1525   20   24   28   32
1526   20   24   32   36
1527   20   25    5   10
1528   20   25   10   15
1529   20   25   30   35
1530   20   26    2    8
1531   20   26    8   14
1532   20   26   22   24
1533   20   27    6   13
1534   20   28    4   12
1535   20   29    2   11
1536   20   29   23   26
1537   20   32   24   28
1538   20   35   25   30
1539   21   22    1    2
1540   21   22    2    3
1541   21   22    3    4
1542   21   22    4    5
1543   21   22    5    6
1544   21   22    6    7
1545   21   22    7    8
1546   21   22    8    9
1547   21   22    9   10
1548   21   22   10   11
1549   21   22   11   12
1550   21   22   12   13
1551   21   22   13   14
1552   21   22   14   15
1553   21   22   15   16
1554   21   22   16   17
1555   21   22   17   18
1556   21   22   18   19
1557   21   22   19   20
1558   21   22   23   24
1559   21   22   24   25
1560   21   22   25   26
1561   21   22   26   27
1562   21   22   27   28
1563   21   22   28   29
1564   21   22   29   30
1565   21   22   30   31
1566   21   22   31   32
1567   21   22   32   33
1568   21   22   33   34
1569   21   22   34   35
1570   21   22   35   36
1571   21   23    1    3
1572   21   23    3    5
1573   21   23    5    7
1574   21   23    7    9
1575   21   23    9   11
1576   21   23   11   13
1577   21   23   13   15
1578   21   23   15   17
1579   21   23   17   19
1580   21   23   25   27
1581   21   23   27   29
1582   21   23   29   31
1583   21   23   31   33
1584   21   23   33   35
1585   21   24    3    6
1586   21   24    6    9
1587   21   24    9   12
1588   21   24   12   15
1589   21   24   15   18
1590   21   24   22   23
1591   21   24   27   30
1592   21   24   30   33
1593   21   24   33   36
1594   21   25    1    5
1595   21   25    5    9
1596   21   25    9   13
1597   21   25   13   17
1598   21   25   29   33
1599   21   26    1    6
1600   21   26    6   11
1601   21   26   11   16
1602   21   26   31   36
1603   21   27    3    9
1604   21   27    9   15
1605   21   27   23   25
1606   21   28    7   14
1607   21   29    5   13
1608   21   30    3   12
1609   21   30   24   27
1610   21   31    1   11
1611   21   33   25   29
1612   21   36   26   31
1613   22   23    1    2
1614   22   23    2    3
1615   22   23    3    4
1616   22   23    4    5
1617   22   23    5    6
1618   22   23    6    7
1619   22   23    7    8
1620   22   23    8    9
1621   22   23    9   10
1622   22   23   10   11
1623   22   23   11   12
1624   22   23   12   13
1625   22   23   13   14
1626   22   23   14   15
1627   22   23   15   16
1628   22   23   16   17
1629   22   23   17   18
1630   22   23   18   19
1631   22   23   19   20
1632   22   23   20   21
1633   22   23   24   25
1634   22   23   25   26
1635   22   23   26   27
1636   22   23   27   28
1637   22   23   28   29
1638   22   23   29   30
1639   22   23   30   31
1640   22   23   31   32
1641   22   23   32   33
1642   22   23   33   34
1643   22   23   34   35
1644   22   23   35   36
1645   22   24    2    4
1646   22   24    4    6
1647   22   24    6    8
1648   22   24    8   10
1649   22   24   10   12
1650   22   24   12   14
1651   22   24   14   16
1652   22   24   16   18
1653   22   24   18   20
1654   22   24   26   28
1655   22   24   28   30
1656   22   24   30   32
1657   22   24   32   34
1658   22   24   34   36
1659   22   25    1    4
1660   22   25    4    7
1661   22   25    7   10
1662   22   25   10   13
1663   22   25   13   16
1664   22   25   16   19
1665   22   25   23   24
1666   22   25   28   31
1667   22   25   31   34
1668   22   26    2    6
1669   22   26    6   10
1670   22   26   10   14
1671   22   26   14   18
1672   22   26   30   34
1673   22   27    2    7
1674   22   27    7   12
1675   22   27   12   17
1676   22   28    4   10
1677   22   28   10   16
1678   22   28   24   26
1679   22   29    1    8
1680   22   29    8   15
1681   22   30    6   14
1682   22   31    4   13
1683   22   31   25   28
1684   22   32    2   12
1685   22   34   26   30
1686   23   24    1    2
1687   23   24    2    3
1688   23   24    3    4
1689   23   24    4    5
1690   23   24    5    6
1691   23   24    6    7
1692   23   24    7    8
1693   23   24    8    9
1694   23   24    9   10
1695   23   24   10   11
1696   23   24   11   12
1697   23   24   12   13
1698   23   24   13   14
1699   23   24   14   15
1700   23   24   15   16
1701   23   24   16   17
1702   23   24   17   18
1703   23   24   18   19
1704   23   24   19   20
1705   23   24   20   21
1706   23   24   21   22
1707   23   24   25   26
1708   23   24   26   27
1709   23   24   27   28
1710   23   24   28   29
1711   23   24   29   30
1712   23   24   30   31
1713   23   24   31   32
1714   23   24   32   33
1715   23   24   33   34
1716   23   24   34   35
1717   23   24   35   36
1718   23   25    1    3
1719   23   25    3    5
1720   23   25    5    7
1721   23   25    7    9
1722   23   25    9   11
1723   23   25   11   13
1724   23   25   13   15
1725   23   25   15   17
1726   23   25   17   19
1727   23   25   19   21
1728   23   25   27   29
1729   23   25   29   31
1730   23   25   31   33
1731   23   25   33   35
1732   23   26    2    5
1733   23   26    5    8
1734   23   26    8   11
1735   23   26   11   14
1736   23   26   14   17
1737   23   26   17   20
1738   23   26   24   25
1739   23   26   29   32
1740   23   26   32   35
1741   23   27    3    7
1742   23   27    7   11
1743   23   27   11   15
1744   23   27   15   19
1745   23   27   31   35
1746   23   28    3    8
1747   23   28    8   13
1748   23   28   13   18
1749   23   29    5   11
1750   23   29   11   17
1751   23   29   25   27
1752   23   30    2    9
1753   23   30    9   16
1754   23   31    7   15
1755   23   32    5   14
1756   23   32   26   29
1757   23   33    3   13
1758   23   34    1   12
1759   23   35   27   31
1760   24   25    1    2
1761   24   25    2    3
1762   24   25    3    4
1763   24   25    4    5
1764   24   25    5    6
1765   24   25    6    7
1766   24   25    7    8
1767   24   25    8    9
1768   24   25    9   10
1769   24   25   10   11
1770   24   25   11   12
1771   24   25   12   13
1772   24   25   13   14
1773   24   25   14   15
1774   24   25   15   16
1775   24   25   16   17
1776   24   25   17   18
1777   24   25   18   19
1778   24   25   19   20
1779   24   25   20   21
1780   24   25   21   22
1781   24   25   22   23
1782   24   25   26   27
1783   24   25   27   28
1784   24   25   28   29
1785   24   25   29   30
1786   24   25   30   31
1787   24   25   31   32
1788   24   25   32   33
1789   24   25   33   34
1790   24   25   34   35
1791   24   25   35   36
1792   24   26    2    4
1793   24   26    4    6
1794   24   26    6    8
1795   24   26    8   10
1796   24   26   10   12
1797   24   26   12   14
1798   24   26   14   16
1799   24   26   16   18
1800   24   26   18   20
1801   24   26   20   22
1802   24   26   28   30
1803   24   26   30   32
1804   24   26   32   34
1805   24   26   34   36
1806   24   27    3    6
1807   24   27    6    9
1808   24   27    9   12
1809   24   27   12   15
1810   24   27   15   18
1811   24   27   18   21
1812   24   27   25   26
1813   24   27   30   33
1814   24   27   33   36
1815   24   28    4    8
1816   24   28    8   12
1817   24   28   12   16
1818   24   28   16   20
1819   24   28   32   36
1820   24   29    4    9
1821   24   29    9   14
1822   24   29   14   19
1823   24   30    6   12
1824   24   30   12   18
1825   24   30   26   28
1826   24   31    3   10
1827   24   31   10   17
1828   24   32    8   16
1829   24   33    6   15
1830   24   33   27   30
1831   24   34    4   14
1832   24   35    2   13
1833   24   36   28   32
1834   25   26    1    2
1835   25   26    2    3
1836   25   26    3    4
1837   25   26    4    5
1838   25   26    5    6
1839   25   26    6    7
1840   25   26    7    8
1841   25   26    8    9
1842   25   26    9   10
1843   25   26   10   11
1844   25   26   11   12
1845   25   26   12   13
1846   25   26   13   14
1847   25   26   14   15
1848   25   26   15   16
1849   25   26   16   17
1850   25   26   17   18
1851   25   26   18   19
1852   25   26   19   20
1853   25   26   20   21
1854   25   26   21   22
1855   25   26   22   23
1856   25   26   23   24
1857   25   26   27   28
1858   25   26   28   29
1859   25   26   29   30
1860   25   26   30   31
1861   25   26   31   32
1862   25   26   32   33
1863   25   26   33   34
1864   25   26   34   35
1865   25   26   35   36
1866   25   27    1    3
1867   25   27    3    5
1868   25   27    5    7
1869   25   27    7    9
1870   25   27    9   11
1871   25   27   11   13
1872   25   27   13   15
1873   25   27   15   17
1874   25   27   17   19
1875   25   27   19   21
1876   25   27   21   23
1877   25   27   29   31
1878   25   27   31   33
1879   25   27   33   35
1880   25   28    1    4
1881   25   28    4    7
1882   25   28    7   10
1883   25   28   10   13
1884   25   28   13   16
1885   25   28   16   19
1886   25   28   19   22
1887   25   28   26   27
1888   25   28   31   34
1889   25   29    1    5
1890   25   29    5    9
1891   25   29    9   13
1892   25   29   13   17
1893   25   29   17   21
1894   25   30    5   10
1895   25   30   10   15
1896   25   30   15   20
1897   25   31    1    7
1898   25   31    7   13
1899   25   31   13   19
1900   25   31   27   29
1901   25   32    4   11
1902   25   32   11   18
1903   25   33    1    9
1904   25   33    9   17
1905   25   34    7   16
1906   25   34   28   31
1907   25   35    5   15
1908   25   36    3   14
1909   26   27    1    2
1910   26   27    2    3
1911   26   27    3    4
1912   26   27    4    5
1913   26   27    5    6
1914   26   27    6    7
1915   26   27    7    8
1916   26   27    8    9
1917   26   27    9   10
1918   26   27   10   11
1919   26   27   11   12
1920   26   27   12   13
1921   26   27   13   14
1922   26   27   14   15
1923   26   27   15   16
1924   26   27   16   17
1925   26   27   17   18
1926   26   27   18   19
1927   26   27   19   20
1928   26   27   20   21
1929   26   27   21   22
1930   26   27   22   23
1931   26   27   23   24
1932   26   27   24   25
1933   26   27   28   29
1934   26   27   29   30
1935   26   27   30   31
1936   26   27   31   32
1937   26   27   32   33
1938   26   27   33   34
1939   26   27   34   35
1940   26   27   35   36
1941   26   28    2    4
1942   26   28    4    6
1943   26   28    6    8
1944   26   28    8   10
1945   26   28   10   12
1946   26   28   12   14
1947   26   28   14   16
1948   26   28   16   18
1949   26   28   18   20
1950   26   28   20   22
1951   26   28   22   24
1952   26   28   30   32
1953   26   28   32   34
1954   26   28   34   36
1955   26   29    2    5
1956   26   29    5    8
1957   26   29    8   11
1958   26   29   11   14
1959   26   29   14   17
1960   26   29   17   20
1961   26   29   20   23
1962   26   29   27   28
1963   26   29   32   35
1964   26   30    2    6
1965   26   30    6   10
1966   26   30   10   14
1967   26   30   14   18
1968   26   30   18   22
1969   26   31    1    6
1970   26   31    6   11
1971   26   31   11   16
1972   26   31   16   21
1973   26   32    2    8
1974   26   32    8   14
1975   26   32   14   20
1976   26   32   28   30
1977   26   33    5   12
1978   26   33   12   19
1979   26   34    2   10
1980   26   34   10   18
1981   26   35    8   17
1982   26   35   29   32
1983   26   36    6   16
1984   27   28    1    2
1985   27   28    2    3
1986   27   28    3    4
1987   27   28    4    5
1988   27   28    5    6
1989   27   28    6    7
1990   27   28    7    8
1991   27   28    8    9
1992   27   28    9   10
1993   27   28   10   11
1994   27   28   11   12
1995   27   28   12   13
1996   27   28   13   14
1997   27   28   14   15
1998   27   28   15   16
1999   27   28   16   17
2000   27   28   17   18
2001   27   28   18   19
2002   27   28   19   20
2003   27   28   20   21
2004   27   28   21   22
2005   27   28   22   23
2006   27   28   23   24
2007   27   28   24   25
2008   27   28   25   26
2009   27   28   29   30
2010   27   28   30   31
2011   27   28   31   32
2012   27   28   32   33
2013   27   28   33   34
2014   27   28   34   35
2015   27   28   35   36
2016   27   29    1    3
2017   27   29    3    5
2018   27   29    5    7
2019   27   29    7    9
2020   27   29    9   11
2021   27   29   11   13
2022   27   29   13   15
2023   27   29   15   17
2024   27   29   17   19
2025   27   29   19   21
2026   27   29   21   23
2027   27   29   23   25
2028   27   29   31   33
2029   27   29   33   35
2030   27   30    3    6
2031   27   30    6    9
2032   27   30    9   12
2033   27   30   12   15
2034   27   30   15   18
2035   27   30   18   21
2036   27   30   21   24
2037   27   30   28   29
2038   27   30   33   36
2039   27   31    3    7
2040   27   31    7   11
2041   27   31   11   15
2042   27   31   15   19
2043   27   31   19   23
2044   27   32    2    7
2045   27   32    7   12
2046   27   32   12   17
2047   27   32   17   22
2048   27   33    3    9
2049   27   33    9   15
2050   27   33   15   21
2051   27   33   29   31
2052   27   34    6   13
2053   27   34   13   20
2054   27   35    3   11
2055   27   35   11   19
2056   27   36    9   18
2057   27   36   30   33
2058   28   29    1    2
2059   28   29    2    3
2060   28   29    3    4
2061   28   29    4    5
2062   28   29    5    6
2063   28   29    6    7
2064   28   29    7    8
2065   28   29    8    9
2066   28   29    9   10
2067   28   29   10   11
2068   28   29   11   12
2069   28   29   12   13
2070   28   29   13   14
2071   28   29   14   15
2072   28   29   15   16
2073   28   29   16   17
2074   28   29   17   18
2075   28   29   18   19
2076   28   29   19   20
2077   28   29   20   21
2078   28   29   21   22
2079   28   29   22   23
2080   28   29   23   24
2081   28   29   24   25
2082   28   29   25   26
2083   28   29   26   27
2084   28   29   30   31
2085   28   29   31   32
2086   28   29   32   33
2087   28   29   33   34
2088   28   29   34   35
2089   28   29   35   36
2090   28   30    2    4
2091   28   30    4    6
2092   28   30    6    8
2093   28   30    8   10
2094   28   30   10   12
2095   28   30   12   14
2096   28   30   14   16
2097   28   30   16   18
2098   28   30   18   20
2099   28   30   20   22
2100   28   30   22   24
2101   28   30   24   26
2102   28   30   32   34
2103   28   30   34   36
2104   28   31    1    4
2105   28   31    4    7
2106   28   31    7   10
2107   28   31   10   13
2108   28   31   13   16
2109   28   31   16   19
2110   28   31   19   22
2111   28   31   22   25
2112   28   31   29   30
2113   28   32    4    8
2114   28   32    8   12
2115   28   32   12   16
2116   28   32   16   20
2117   28   32   20   24
2118   28   33    3    8
2119   28   33    8   13
2120   28   33   13   18
2121   28   33   18   23
2122   28   34    4   10
2123   28   34   10   16
2124   28   34   16   22
2125   28   34   30   32
2126   28   35    7   14
2127   28   35   14   21
2128   28   36    4   12
2129   28   36   12   20
2130   29   30    1    2
2131   29   30    2    3
2132   29   30    3    4
2133   29   30    4    5
2134   29   30    5    6
2135   29   30    6    7
2136   29   30    7    8
2137   29   30    8    9
2138   29   30    9   10
2139   29   30   10   11
2140   29   30   11   12
2141   29   30   12   13
2142   29   30   13   14
2143   29   30   14   15
2144   29   30   15   16
2145   29   30   16   17
2146   29   30   17   18
2147   29   30   18   19
2148   29   30   19   20
2149   29   30   20   21
2150   29   30   21   22
2151   29   30   22   23
2152   29   30   23   24
2153   29   30   24   25
2154   29   30   25   26
2155   29   30   26   27
2156   29   30   27   28
2157   29   30   31   32
2158   29   30   32   33
2159   29   30   33   34
2160   29   30   34   35
2161   29   30   35   36
2162   29   31    1    3
2163   29   31    3    5
2164   29   31    5    7
2165   29   31    7    9
2166   29   31    9   11
2167   29   31   11   13
2168   29   31   13   15
2169   29   31   15   17
2170   29   31   17   19
2171   29   31   19   21
2172   29   31   21   23
2173   29   31   23   25
2174   29   31   25   27
2175   29   31   33   35
2176   29   32    2    5
2177   29   32    5    8
2178   29   32    8   11
2179   29   32   11   14
2180   29   32   14   17
2181   29   32   17   20
2182   29   32   20   23
2183   29   32   23   26
2184   29   32   30   31
2185   29   33    1    5
2186   29   33    5    9
2187   29   33    9   13
2188   29   33   13   17
2189   29   33   17   21
2190   29   33   21   25
2191   29   34    4    9
2192   29   34    9   14
2193   29   34   14   19
2194   29   34   19   24
2195   29   35    5   11
2196   29   35   11   17
2197   29   35   17   23
2198   29   35   31   33
2199   29   36    1    8
2200   29   36    8   15
2201   29   36   15   22
2202   30   31    1    2
2203   30   31    2    3
2204   30   31    3    4
2205   30   31    4    5
2206   30   31    5    6
2207   30   31    6    7
2208   30   31    7    8
2209   30   31    8    9
2210   30   31    9   10
2211   30   31   10   11
2212   30   31   11   12
2213   30   31   12   13
2214   30   31   13   14
2215   30   31   14   15
2216   30   31   15   16
2217   30   31   16   17
2218   30   31   17   18
2219   30   31   18   19
2220   30   31   19   20
2221   30   31   20   21
2222   30   31   21   22
2223   30   31   22   23
2224   30   31   23   24
2225   30   31   24   25
2226   30   31   25   26
2227   30   31   26   27
2228   30   31   27   28
2229   30   31   28   29
2230   30   31   32   33
2231   30   31   33   34
2232   30   31   34   35
2233   30   31   35   36
2234   30   32    2    4
2235   30   32    4    6
2236   30   32    6    8
2237   30   32    8   10
2238   30   32   10   12
2239   30   32   12   14
2240   30   32   14   16
2241   30   32   16   18
2242   30   32   18   20
2243   30   32   20   22
2244   30   32   22   24
2245   30   32   24   26
2246   30   32   26   28
2247   30   32   34   36
2248   30   33    3    6
2249   30   33    6    9
2250   30   33    9   12
2251   30   33   12   15
2252   30   33   15   18
2253   30   33   18   21
2254   30   33   21   24
2255   30   33   24   27
2256   30   33   31   32
2257   30   34    2    6
2258   30   34    6   10
2259   30   34   10   14
2260   30   34   14   18
2261   30   34   18   22
2262   30   34   22   26
2263   30   35    5   10
2264   30   35   10   15
2265   30   35   15   20
2266   30   35   20   25
2267   30   36    6   12
2268   30   36   12   18
2269   30   36   18   24
2270   30   36   32   34
2271   31   32    1    2
2272   31   32    2    3
2273   31   32    3    4
2274   31   32    4    5
2275   31   32    5    6
2276   31   32    6    7
2277   31   32    7    8
2278   31   32    8    9
2279   31   32    9   10
2280   31   32   10   11
2281   31   32   11   12
2282   31   32   12   13
2283   31   32   13   14
2284   31   32   14   15
2285   31   32   15   16
2286   31   32   16   17
2287   31   32   17   18
2288   31   32   18   19
2289   31   32   19   20
2290   31   32   20   21
2291   31   32   21   22
2292   31   32   22   23
2293   31   32   23   24
2294   31   32   24   25
2295   31   32   25   26
2296   31   32   26   27
2297   31   32   27   28
2298   31   32   28   29
2299   31   32   29   30
2300   31   32   33   34
2301   31   32   34   35
2302   31   32   35   36
2303   31   33    1    3
2304   31   33    3    5
2305   31   33    5    7
2306   31   33    7    9
2307   31   33    9   11
2308   31   33   11   13
2309   31   33   13   15
2310   31   33   15   17
2311   31   33   17   19
2312   31   33   19   21
2313   31   33   21   23
2314   31   33   23   25
2315   31   33   25   27
2316   31   33   27   29
2317   31   34    1    4
2318   31   34    4    7
2319   31   34    7   10
2320   31   34   10   13
2321   31   34   13   16
2322   31   34   16   19
2323   31   34   19   22
2324   31   34   22   25
2325   31   34   25   28
2326   31   34   32   33
2327   31   35    3    7
2328   31   35    7   11
2329   31   35   11   15
2330   31   35   15   19
2331   31   35   19   23
2332   31   35   23   27
2333   31   36    1    6
2334   31   36    6   11
2335   31   36   11   16
2336   31   36   16   21
2337   31   36   21   26
2338   32   33    1    2
2339   32   33    2    3
2340   32   33    3    4
2341   32   33    4    5
2342   32   33    5    6
2343   32   33    6    7
2344   32   33    7    8
2345   32   33    8    9
2346   32   33    9   10
2347   32   33   10   11
2348   32   33   11   12
2349   32   33   12   13
2350   32   33   13   14
2351   32   33   14   15
2352   32   33   15   16
2353   32   33   16   17
2354   32   33   17   18
2355   32   33   18   19
2356   32   33   19   20
2357   32   33   20   21
2358   32   33   21   22
2359   32   33   22   23
2360   32   33   23   24
2361   32   33   24   25
2362   32   33   25   26
2363   32   33   26   27
2364   32   33   27   28
2365   32   33   28   29
2366   32   33   29   30
2367   32   33   30   31
2368   32   33   34   35
2369   32   33   35   36
2370   32   34    2    4
2371   32   34    4    6
2372   32   34    6    8
2373   32   34    8   10
2374   32   34   10   12
2375   32   34   12   14
2376   32   34   14   16
2377   32   34   16   18
2378   32   34   18   20
2379   32   34   20   22
2380   32   34   22   24
2381   32   34   24   26
2382   32   34   26   28
2383   32   34   28   30
2384   32   35    2    5
2385   32   35    5    8
2386   32   35    8   11
2387   32   35   11   14
2388   32   35   14   17
2389   32   35   17   20
2390   32   35   20   23
2391   32   35   23   26
2392   32   35   26   29
2393   32   35   33   34
2394   32   36    4    8
2395   32   36    8   12
2396   32   36   12   16
2397   32   36   16   20
2398   32   36   20   24
2399   32   36   24   28
2400   33   34    1    2
2401   33   34    2    3
2402   33   34    3    4
2403   33   34    4    5
2404   33   34    5    6
2405   33   34    6    7
2406   33   34    7    8
2407   33   34    8    9
2408   33   34    9   10
2409   33   34   10   11
2410   33   34   11   12
2411   33   34   12   13
2412   33   34   13   14
2413   33   34   14   15
2414   33   34   15   16
2415   33   34   16   17
2416   33   34   17   18
2417   33   34   18   19
2418   33   34   19   20
2419   33   34   20   21
2420   33   34   21   22
2421   33   34   22   23
2422   33   34   23   24
2423   33   34   24   25
2424   33   34   25   26
2425   33   34   26   27
2426   33   34   27   28
2427   33   34   28   29
2428   33   34   29   30
2429   33   34   30   31
2430   33   34   31   32
2431   33   34   35   36
2432   33   35    1    3
2433   33   35    3    5
2434   33   35    5    7
2435   33   35    7    9
2436   33   35    9   11
2437   33   35   11   13
2438   33   35   13   15
2439   33   35   15   17
2440   33   35   17   19
2441   33   35   19   21
2442   33   35   21   23
2443   33   35   23   25
2444   33   35   25   27
2445   33   35   27   29
2446   33   35   29   31
2447   33   36    3    6
2448   33   36    6    9
2449   33   36    9   12
2450   33   36   12   15
2451   33   36   15   18
2452   33   36   18   21
2453   33   36   21   24
2454   33   36   24   27
2455   33   36   27   30
2456   33   36   34   35
2457   34   35    1    2
2458   34   35    2    3
2459   34   35    3    4
2460   34   35    4    5
2461   34   35    5    6
2462   34   35    6    7
2463   34   35    7    8
2464   34   35    8    9
2465   34   35    9   10
2466   34   35   10   11
2467   34   35   11   12
2468   34   35   12   13
2469   34   35   13   14
2470   34   35   14   15
2471   34   35   15   16
2472   34   35   16   17
2473   34   35   17   18
2474   34   35   18   19
2475   34   35   19   20
2476   34   35   20   21
2477   34   35   21   22
2478   34   35   22   23
2479   34   35   23   24
2480   34   35   24   25
2481   34   35   25   26
2482   34   35   26   27
2483   34   35   27   28
2484   34   35   28   29
2485   34   35   29   30
2486   34   35   30   31
2487   34   35   31   32
2488   34   35   32   33
2489   34   36    2    4
2490   34   36    4    6
2491   34   36    6    8
2492   34   36    8   10
2493   34   36   10   12
2494   34   36   12   14
2495   34   36   14   16
2496   34   36   16   18
2497   34   36   18   20
2498   34   36   20   22
2499   34   36   22   24
2500   34   36   24   26
2501   34   36   26   28
2502   34   36   28   30
2503   34   36   30   32
2504   35   36    1    2
2505   35   36    2    3
2506   35   36    3    4
2507   35   36    4    5
2508   35   36    5    6
2509   35   36    6    7
2510   35   36    7    8
2511   35   36    8    9
2512   35   36    9   10
2513   35   36   10   11
2514   35   36   11   12
2515   35   36   12   13
2516   35   36   13   14
2517   35   36   14   15
2518   35   36   15   16
2519   35   36   16   17
2520   35   36   17   18
2521   35   36   18   19
2522   35   36   19   20
2523   35   36   20   21
2524   35   36   21   22
2525   35   36   22   23
2526   35   36   23   24
2527   35   36   24   25
2528   35   36   25   26
2529   35   36   26   27
2530   35   36   27   28
2531   35   36   28   29
2532   35   36   29   30
2533   35   36   30   31
2534   35   36   31   32
2535   35   36   32   33
2536   35   36   33   34
