# X Y Z
 1 0.00 0.00 0.00
 2 1.00 0.00 0.00
 3 2.00 0.00 0.00
 4 3.00 0.00 0.00
 5 4.00 0.00 0.00
 6 5.00 0.00 0.00
 7 6.00 0.00 0.00
 8 7.00 0.00 0.00
 9 8.00 0.00 0.00
10 9.00 0.00 0.00
11 10.00 0.00 0.00
12 11.00 0.00 0.00
13 12.00 0.00 0.00
14 13.00 0.00 0.00
15 14.00 0.00 0.00
16 15.00 0.00 0.00
17 16.00 0.00 0.00
18 17.00 0.00 0.00
19 18.00 0.00 0.00
20 19.00 0.00 0.00
21 20.00 0.00 0.00
22 21.00 0.00 0.00
23 22.00 0.00 0.00
24 23.00 0.00 0.00
25 24.00 0.00 0.00
26 25.00 0.00 0.00
27 26.00 0.00 0.00
28 27.00 0.00 0.00
29 28.00 0.00 0.00
30 29.00 0.00 0.00
31 30.00 0.00 0.00
32 31.00 0.00 0.00
33 32.00 0.00 0.00
34 33.00 0.00 0.00
35 34.00 0.00 0.00
36 35.00 0.00 0.00
# A B M N
   1    1    4    2    3
   2    2    5    3    4
   3    3    6    4    5
   4    4    7    5    6
   5    5    8    6    7
   6    6    9    7    8
   7    7   10    8    9
   8    8   11    9   10
   9    9   12   10   11
  10   10   13   11   12
  11   11   14   12   13
  12   12   15   13   14
  13   13   16   14   15
  14   14   17   15   16
  15   15   18   16   17
  16   16   19   17   18
  17   17   20   18   19
  18   18   21   19   20
  19   19   22   20   21
  20   20   23   21   22
  21   21   24   22   23
  22   22   25   23   24
  23   23   26   24   25
  24   24   27   25   26
  25   25   28   26   27
  26   26   29   27   28
  27   27   30   28   29
  28   28   31   29   30
  29   29   32   30   31
  30   30   33   31   32
  31   31   34   32   33
  32   32   35   33   34
  33   33   36   34   35
  34    1    7    3    5
  35    2    8    4    6
  36    3    9    5    7
  37    4   10    6    8
  38    5   11    7    9
  39    6   12    8   10
  40    7   13    9   11
  41    8   14   10   12
  42    9   15   11   13
  43   10   16   12   14
  44   11   17   13   15
  45   12   18   14   16
  46   13   19   15   17
  47   14   20   16   18
  48   15   21   17   19
  49   16   22   18   20
  50   17   23   19   21
  51   18   24   20   22
  52   19   25   21   23
  53   20   26   22   24
  54   21   27   23   25
  55   22   28   24   26
  56   23   29   25   27
  57   24   30   26   28
  58   25   31   27   29
  59   26   32   28   30
  60   27   33   29   31
  61   28   34   30   32
  62   29   35   31   33
  63   30   36   32   34
  64    1   10    4    7
  65    2   11    5    8
  66    3   12    6    9
  67    4   13    7   10
  68    5   14    8   11
  69    6   15    9   12
  70    7   16   10   13
  71    8   17   11   14
  72    9   18   12   15
  73   10   19   13   16
  74   11   20   14   17
  75   12   21   15   18
  76   13   22   16   19
  77   14   23   17   20
  78   15   24   18   21
  79   16   25   19   22
  80   17   26   20   23
  81   18   27   21   24
  82   19   28   22   25
  83   20   29   23   26
  84   21   30   24   27
  85   22   31   25   28
  86   23   32   26   29
  87   24   33   27   30
  88   25   34   28   31
  89   26   35   29   32
  90   27   36   30   33
  91    1   13    5    9
  92    2   14    6   10
  93    3   15    7   11
  94    4   16    8   12
  95    5   17    9   13
  96    6   18   10   14
  97    7   19   11   15
  98    8   20   12   16
  99    9   21   13   17
 100   10   22   14   18
 101   11   23   15   19
 102   12   24   16   20
 103   13   25   17   21
 104   14   26   18   22
 105   15   27   19   23
 106   16   28   20   24
 107   17   29   21   25
 108   18   30   22   26
 109   19   31   23   27
 110   20   32   24   28
 111   21   33   25   29
 112   22   34   26   30
 113   23   35   27   31
 114   24   36   28   32
 115    1   16    6   11
 116    2   17    7   12
 117    3   18    8   13
 118    4   19    9   14
 119    5   20   10   15
 120    6   21   11   16
 121    7   22   12   17
 122    8   23   13   18
 123    9   24   14   19
 124   10   25   15   20
 125   11   26   16   21
 126   12   27   17   22
 127   13   28   18   23
 128   14   29   19   24
 129   15   30   20   25
 130   16   31   21   26
 131   17   32   22   27
 132   18   33   23   28
 133   19   34   24   29
 134   20   35   25   30
 135   21   36   26   31
 136    1   19    7   13
 137    2   20    8   14
 138    3   21    9   15
 139    4   22   10   16
 140    5   23   11   17
 141    6   24   12   18
 142    7   25   13   19
 143    8   26   14   20
 144    9   27   15   21
 145   10   28   16   22
 146   11   29   17   23
 147   12   30   18   24
 148   13   31   19   25
 149   14   32   20   26
 150   15   33   21   27
 151   16   34   22   28
 152   17   35   23   29
 153   18   36   24   30
 154    1   22    8   15
 155    2   23    9   16
 156    3   24   10   17
 157    4   25   11   18
 158    5   26   12   19
 159    6   27   13   20
 160    7   28   14   21
 161    8   29   15   22
 162    9   30   16   23
 163   10   31   17   24
 164   11   32   18   25
 165   12   33   19   26
 166   13   34   20   27
 167   14   35   21   28
 168   15   36   22   29
 169    1   25    9   17
 170    2   26   10   18
 171    3   27   11   19
 172    4   28   12   20
 173    5   29   13   21
 174    6   30   14   22
 175    7   31   15   23
 176    8   32   16   24
 177    9   33   17   25
 178   10   34   18   26
 179   11   35   19   27
 180   12   36   20   28
 181    1   28   10   19
 182    2   29   11   20
 183    3   30   12   21
 184    4   31   13   22
 185    5   32   14   23
 186    6   33   15   24
 187    7   34   16   25
 188    8   35   17   26
 189    9   36   18   27
 190    1   31   11   21
 191    2   32   12   22
 192    3   33   13   23
 193    4   34   14   24
 194    5   35   15   25
 195    6   36   16   26
 196    1   34   12   23
 197    2   35   13   24
 198    3   36   14   25
 199    1    2    3    4
 200    2    3    4    5
 201    3    4    5    6
 202    4    5    6    7
 203    5    6    7    8
 204    6    7    8    9
 205    7    8    9   10
 206    8    9   10   11
 207    9   10   11   12
 208   10   11   12   13
 209   11   12   13   14
 210   12   13   14   15
 211   13   14   15   16
 212   14   15   16   17
 213   15   16   17   18
 214   16   17   18   19
 215   17   18   19   20
 216   18   19   20   21
 217   19   20   21   22
 218   20   21   22   23
 219   21   22   23   24
 220   22   23   24   25
 221   23   24   25   26
 222   24   25   26   27
 223   25   26   27   28
 224   26   27   28   29
 225   27   28   29   30
 226   28   29   30   31
 227   29   30   31   32
 228   30   31   32   33
 229   31   32   33   34
 230   32   33   34   35
 231   33   34   35   36
 232    1    2    4    5
 233    2    3    5    6
 234    3    4    6    7
 235    4    5    7    8
 236    5    6    8    9
 237    6    7    9   10
 238    7    8   10   11
 239    8    9   11   12
 240    9   10   12   13
 241   10   11   13   14
 242   11   12   14   15
 243   12   13   15   16
 244   13   14   16   17
 245   14   15   17   18
 246   15   16   18   19
 247   16   17   19   20
 248   17   18   20   21
 249   18   19   21   22
 250   19   20   22   23
 251   20   21   23   24
 252   21   22   24   25
 253   22   23   25   26
 254   23   24   26   27
 255   24   25   27   28
 256   25   26   28   29
 257   26   27   29   30
 258   27   28   30   31
 259   28   29   31   32
 260   29   30   32   33
 261   30   31   33   34
 262   31   32   34   35
 263   32   33   35   36
 264    1    2    5    6
 265    2    3    6    7
 266    3    4    7    8
 267    4    5    8    9
 268    5    6    9   10
 269    6    7   10   11
 270    7    8   11   12
 271    8    9   12   13
 272    9   10   13   14
 273   10   11   14   15
 274   11   12   15   16
 275   12   13   16   17
 276   13   14   17   18
 277   14   15   18   19
 278   15   16   19   20
 279   16   17   20   21
 280   17   18   21   22
 281   18   19   22   23
 282   19   20   23   24
 283   20   21   24   25
 284   21   22   25   26
 285   22   23   26   27
 286   23   24   27   28
 287   24   25   28   29
 288   25   26   29   30
 289   26   27   30   31
 290   27   28   31   32
 291   28   29   32   33
 292   29   30   33   34
 293   30   31   34   35
 294   31   32   35   36
 295    1    2    6    7
 296    2    3    7    8
 297    3    4    8    9
 298    4    5    9   10
 299    5    6   10   11
 300    6    7   11   12
 301    7    8   12   13
 302    8    9   13   14
 303    9   10   14   15
 304   10   11   15   16
 305   11   12   16   17
 306   12   13   17   18
 307   13   14   18   19
 308   14   15   19   20
 309   15   16   20   21
 310   16   17   21   22
 311   17   18   22   23
 312   18   19   23   24
 313   19   20   24   25
 314   20   21   25   26
 315   21   22   26   27
 316   22   23   27   28
 317   23   24   28   29
 318   24   25   29   30
 319   25   26   30   31
 320   26   27   31   32
 321   27   28   32   33
 322   28   29   33   34
 323   29   30   34   35
 324   30   31   35   36
 325    1    2    7    8
 326    2    3    8    9
 327    3    4    9   10
 328    4    5   10   11
 329    5    6   11   12
 330    6    7   12   13
 331    7    8   13   14
 332    8    9   14   15
 333    9   10   15   16
 334   10   11   16   17
 335   11   12   17   18
 336   12   13   18   19
 337   13   14   19   20
 338   14   15   20   21
 339   15   16   21   22
 340   16   17   22   23
 341   17   18   23   24
 342   18   19   24   25
 343   19   20   25   26
 344   20   21   26   27
 345   21   22   27   28
 346   22   23   28   29
 347   23   24   29   30
 348   24   25   30   31
 349   25   26   31   32
 350   26   27   32   33
 351   27   28   33   34
 352   28   29   34   35
 353   29   30   35   36
 354    1    2    8    9
 355    2    3    9   10
 356    3    4   10   11
 357    4    5   11   12
 358    5    6   12   13
 359    6    7   13   14
 360    7    8   14   15
 361    8    9   15   16
 362    9   10   16   17
 363   10   11   17   18
 364   11   12   18   19
 365   12   13   19   20
 366   13   14   20   21
 367   14   15   21   22
 368   15   16   22   23
 369   16   17   23   24
 370   17   18   24   25
 371   18   19   25   26
 372   19   20   26   27
 373   20   21   27   28
 374   21   22   28   29
 375   22   23   29   30
 376   23   24   30   31
 377   24   25   31   32
 378   25   26   32   33
 379   26   27   33   34
 380   27   28   34   35
 381   28   29   35   36
 382    1    2    9   10
 383    2    3   10   11
 384    3    4   11   12
 385    4    5   12   13
 386    5    6   13   14
 387    6    7   14   15
 388    7    8   15   16
 389    8    9   16   17
 390    9   10   17   18
 391   10   11   18   19
 392   11   12   19   20
 393   12   13   20   21
 394   13   14   21   22
 395   14   15   22   23
 396   15   16   23   24
 397   16   17   24   25
 398   17   18   25   26
 399   18   19   26   27
 400   19   20   27   28
 401   20   21   28   29
 402   21   22   29   30
 403   22   23   30   31
 404   23   24   31   32
 405   24   25   32   33
 406   25   26   33   34
 407   26   27   34   35
 408   27   28   35   36
 409    1    2   10   11
 410    2    3   11   12
 411    3    4   12   13
 412    4    5   13   14
 413    5    6   14   15
 414    6    7   15   16
 415    7    8   16   17
 416    8    9   17   18
 417    9   10   18   19
 418   10   11   19   20
 419   11   12   20   21
 420   12   13   21   22
 421   13   14   22   23
 422   14   15   23   24
 423   15   16   24   25
 424   16   17   25   26
 425   17   18   26   27
 426   18   19   27   28
 427   19   20   28   29
 428   20   21   29   30
 429   21   22   30   31
 430   22   23   31   32
 431   23   24   32   33
 432   24   25   33   34
 433   25   26   34   35
 434   26   27   35   36
 435    1    2   11   12
 436    2    3   12   13
 437    3    4   13   14
 438    4    5   14   15
 439    5    6   15   16
 440    6    7   16   17
 441    7    8   17   18
 442    8    9   18   19
 443    9   10   19   20
 444   10   11   20   21
 445   11   12   21   22
 446   12   13   22   23
 447   13   14   23   24
 448   14   15   24   25
 449   15   16   25   26
 450   16   17   26   27
 451   17   18   27   28
 452   18   19   28   29
 453   19   20   29   30
 454   20   21   30   31
 455   21   22   31   32
 456   22   23   32   33
 457   23   24   33   34
 458   24   25   34   35
 459   25   26   35   36
 460    1    2   12   13
 461    2    3   13   14
 462    3    4   14   15
 463    4    5   15   16
 464    5    6   16   17
 465    6    7   17   18
 466    7    8   18   19
 467    8    9   19   20
 468    9   10   20   21
 469   10   11   21   22
 470   11   12   22   23
 471   12   13   23   24
 472   13   14   24   25
 473   14   15   25   26
 474   15   16   26   27
 475   16   17   27   28
 476   17   18   28   29
 477   18   19   29   30
 478   19   20   30   31
 479   20   21   31   32
 480   21   22   32   33
 481   22   23   33   34
 482   23   24   34   35
 483   24   25   35   36
 484    1    2   13   14
 485    2    3   14   15
 486    3    4   15   16
 487    4    5   16   17
 488    5    6   17   18
 489    6    7   18   19
 490    7    8   19   20
 491    8    9   20   21
 492    9   10   21   22
 493   10   11   22   23
 494   11   12   23   24
 495   12   13   24   25
 496   13   14   25   26
 497   14   15   26   27
 498   15   16   27   28
 499   16   17   28   29
 500   17   18   29   30
 501   18   19   30   31
 502   19   20   31   32
 503   20   21   32   33
 504   21   22   33   34
 505   22   23   34   35
 506   23   24   35   36
 507    1    2   14   15
 508    2    3   15   16
 509    3    4   16   17
 510    4    5   17   18
 511    5    6   18   19
 512    6    7   19   20
 513    7    8   20   21
 514    8    9   21   22
 515    9   10   22   23
 516   10   11   23   24
 517   11   12   24   25
 518   12   13   25   26
 519   13   14   26   27
 520   14   15   27   28
 521   15   16   28   29
 522   16   17   29   30
 523   17   18   30   31
 524   18   19   31   32
 525   19   20   32   33
 526   20   21   33   34
 527   21   22   34   35
 528   22   23   35   36
 529    1    2   15   16
 530    2    3   16   17
 531    3    4   17   18
 532    4    5   18   19
 533    5    6   19   20
 534    6    7   20   21
 535    7    8   21   22
 536    8    9   22   23
 537    9   10   23   24
 538   10   11   24   25
 539   11   12   25   26
 540   12   13   26   27
 541   13   14   27   28
 542   14   15   28   29
 543   15   16   29   30
 544   16   17   30   31
 545   17   18   31   32
 546   18   19   32   33
 547   19   20   33   34
 548   20   21   34   35
 549   21   22   35   36
 550    1    2   16   17
 551    2    3   17   18
 552    3    4   18   19
 553    4    5   19   20
 554    5    6   20   21
 555    6    7   21   22
 556    7    8   22   23
 557    8    9   23   24
 558    9   10   24   25
 559   10   11   25   26
 560   11   12   26   27
 561   12   13   27   28
 562   13   14   28   29
 563   14   15   29   30
 564   15   16   30   31
 565   16   17   31   32
 566   17   18   32   33
 567   18   19   33   34
 568   19   20   34   35
 569   20   21   35   36
 570    1    2   17   18
 571    2    3   18   19
 572    3    4   19   20
 573    4    5   20   21
 574    5    6   21   22
 575    6    7   22   23
 576    7    8   23   24
 577    8    9   24   25
 578    9   10   25   26
 579   10   11   26   27
 580   11   12   27   28
 581   12   13   28   29
 582   13   14   29   30
 583   14   15   30   31
 584   15   16   31   32
 585   16   17   32   33
 586   17   18   33   34
 587   18   19   34   35
 588   19   20   35   36
 589    1    2   18   19
 590    2    3   19   20
 591    3    4   20   21
 592    4    5   21   22
 593    5    6   22   23
 594    6    7   23   24
 595    7    8   24   25
 596    8    9   25   26
 597    9   10   26   27
 598   10   11   27   28
 599   11   12   28   29
 600   12   13   29   30
 601   13   14   30   31
 602   14   15   31   32
 603   15   16   32   33
 604   16   17   33   34
 605   17   18   34   35
 606   18   19   35   36
 607    1    2   19   20
 608    2    3   20   21
 609    3    4   21   22
 610    4    5   22   23
 611    5    6   23   24
 612    6    7   24   25
 613    7    8   25   26
 614    8    9   26   27
 615    9   10   27   28
 616   10   11   28   29
 617   11   12   29   30
 618   12   13   30   31
 619   13   14   31   32
 620   14   15   32   33
 621   15   16   33   34
 622   16   17   34   35
 623   17   18   35   36
 624    1    2   20   21
 625    2    3   21   22
 626    3    4   22   23
 627    4    5   23   24
 628    5    6   24   25
 629    6    7   25   26
 630    7    8   26   27
 631    8    9   27   28
 632    9   10   28   29
 633   10   11   29   30
 634   11   12   30   31
 635   12   13   31   32
 636   13   14   32   33
 637   14   15   33   34
 638   15   16   34   35
 639   16   17   35   36
 640    1    2   21   22
 641    2    3   22   23
 642    3    4   23   24
 643    4    5   24   25
 644    5    6   25   26
 645    6    7   26   27
 646    7    8   27   28
 647    8    9   28   29
 648    9   10   29   30
 649   10   11   30   31
 650   11   12   31   32
 651   12   13   32   33
 652   13   14   33   34
 653   14   15   34   35
 654   15   16   35   36
 655    1    2   22   23
 656    2    3   23   24
 657    3    4   24   25
 658    4    5   25   26
 659    5    6   26   27
 660    6    7   27   28
 661    7    8   28   29
 662    8    9   29   30
 663    9   10   30   31
 664   10   11   31   32
 665   11   12   32   33
 666   12   13   33   34
 667   13   14   34   35
 668   14   15   35   36
 669    1    2   23   24
 670    2    3   24   25
 671    3    4   25   26
 672    4    5   26   27
 673    5    6   27   28
 674    6    7   28   29
 675    7    8   29   30
 676    8    9   30   31
 677    9   10   31   32
 678   10   11   32   33
 679   11   12   33   34
 680   12   13   34   35
 681   13   14   35   36
 682    1    2   24   25
 683    2    3   25   26
 684    3    4   26   27
 685    4    5   27   28
 686    5    6   28   29
 687    6    7   29   30
 688    7    8   30   31
 689    8    9   31   32
 690    9   10   32   33
 691   10   11   33   34
 692   11   12   34   35
 693   12   13   35   36
 694    1    2   25   26
 695    2    3   26   27
 696    3    4   27   28
 697    4    5   28   29
 698    5    6   29   30
 699    6    7   30   31
 700    7    8   31   32
 701    8    9   32   33
 702    9   10   33   34
 703   10   11   34   35
 704   11   12   35   36
 705    1    2   26   27
 706    2    3   27   28
 707    3    4   28   29
 708    4    5   29   30
 709    5    6   30   31
 710    6    7   31   32
 711    7    8   32   33
 712    8    9   33   34
 713    9   10   34   35
 714   10   11   35   36
 715    1    2   27   28
 716    2    3   28   29
 717    3    4   29   30
 718    4    5   30   31
 719    5    6   31   32
 720    6    7   32   33
 721    7    8   33   34
 722    8    9   34   35
 723    9   10   35   36
 724    1    2   28   29
 725    2    3   29   30
 726    3    4   30   31
 727    4    5   31   32
 728    5    6   32   33
 729    6    7   33   34
 730    7    8   34   35
 731    8    9   35   36
 732    1    2   29   30
 733    2    3   30   31
 734    3    4   31   32
 735    4    5   32   33
 736    5    6   33   34
 737    6    7   34   35
 738    7    8   35   36
 739    1    2   30   31
 740    2    3   31   32
 741    3    4   32   33
 742    4    5   33   34
 743    5    6   34   35
 744    6    7   35   36
 745    1    2   31   32
 746    2    3   32   33
 747    3    4   33   34
 748    4    5   34   35
 749    5    6   35   36
 750    1    2   32   33
 751    2    3   33   34
 752    3    4   34   35
 753    4    5   35   36
 754    1    2   33   34
 755    2    3   34   35
 756    3    4   35   36
 757    1    2   34   35
 758    2    3   35   36
 759    1    2   35   36
 760    1    3    5    7
 761    2    4    6    8
 762    3    5    7    9
 763    4    6    8   10
 764    5    7    9   11
 765    6    8   10   12
 766    7    9   11   13
 767    8   10   12   14
 768    9   11   13   15
 769   10   12   14   16
 770   11   13   15   17
 771   12   14   16   18
 772   13   15   17   19
 773   14   16   18   20
 774   15   17   19   21
 775   16   18   20   22
 776   17   19   21   23
 777   18   20   22   24
 778   19   21   23   25
 779   20   22   24   26
 780   21   23   25   27
 781   22   24   26   28
 782   23   25   27   29
 783   24   26   28   30
 784   25   27   29   31
 785   26   28   30   32
 786   27   29   31   33
 787   28   30   32   34
 788   29   31   33   35
 789   30   32   34   36
 790    1    3    7    9
 791    2    4    8   10
 792    3    5    9   11
 793    4    6   10   12
 794    5    7   11   13
 795    6    8   12   14
 796    7    9   13   15
 797    8   10   14   16
 798    9   11   15   17
 799   10   12   16   18
 800   11   13   17   19
 801   12   14   18   20
 802   13   15   19   21
 803   14   16   20   22
 804   15   17   21   23
 805   16   18   22   24
 806   17   19   23   25
 807   18   20   24   26
 808   19   21   25   27
 809   20   22   26   28
 810   21   23   27   29
 811   22   24   28   30
 812   23   25   29   31
 813   24   26   30   32
 814   25   27   31   33
 815   26   28   32   34
 816   27   29   33   35
 817   28   30   34   36
 818    1    3    9   11
 819    2    4   10   12
 820    3    5   11   13
 821    4    6   12   14
 822    5    7   13   15
 823    6    8   14   16
 824    7    9   15   17
 825    8   10   16   18
 826    9   11   17   19
 827   10   12   18   20
 828   11   13   19   21
 829   12   14   20   22
 830   13   15   21   23
 831   14   16   22   24
 832   15   17   23   25
 833   16   18   24   26
 834   17   19   25   27
 835   18   20   26   28
 836   19   21   27   29
 837   20   22   28   30
 838   21   23   29   31
 839   22   24   30   32
 840   23   25   31   33
 841   24   26   32   34
 842   25   27   33   35
 843   26   28   34   36
 844    1    3   11   13
 845    2    4   12   14
 846    3    5   13   15
 847    4    6   14   16
 848    5    7   15   17
 849    6    8   16   18
 850    7    9   17   19
 851    8   10   18   20
 852    9   11   19   21
 853   10   12   20   22
 854   11   13   21   23
 855   12   14   22   24
 856   13   15   23   25
 857   14   16   24   26
 858   15   17   25   27
 859   16   18   26   28
 860   17   19   27   29
 861   18   20   28   30
 862   19   21   29   31
 863   20   22   30   32
 864   21   23   31   33
 865   22   24   32   34
 866   23   25   33   35
 867   24   26   34   36
 868    1    3   13   15
 869    2    4   14   16
 870    3    5   15   17
 871    4    6   16   18
 872    5    7   17   19
 873    6    8   18   20
 874    7    9   19   21
 875    8   10   20   22
 876    9   11   21   23
 877   10   12   22   24
 878   11   13   23   25
 879   12   14   24   26
 880   13   15   25   27
 881   14   16   26   28
 882   15   17   27   29
 883   16   18   28   30
 884   17   19   29   31
 885   18   20   30   32
 886   19   21   31   33
 887   20   22   32   34
 888   21   23   33   35
 889   22   24   34   36
 890    1    3   15   17
 891    2    4   16   18
 892    3    5   17   19
 893    4    6   18   20
 894    5    7   19   21
 895    6    8   20   22
 896    7    9   21   23
 897    8   10   22   24
 898    9   11   23   25
 899   10   12   24   26
 900   11   13   25   27
 901   12   14   26   28
 902   13   15   27   29
 903   14   16   28   30
 904   15   17   29   31
 905   16   18   30   32
 906   17   19   31   33
 907   18   20   32   34
 908   19   21   33   35
 909   20   22   34   36
 910    1    3   17   19
 911    2    4   18   20
 912    3    5   19   21
 913    4    6   20   22
 914    5    7   21   23
 915    6    8   22   24
 916    7    9   23   25
 917    8   10   24   26
 918    9   11   25   27
 919   10   12   26   28
 920   11   13   27   29
 921   12   14   28   30
 922   13   15   29   31
 923   14   16   30   32
 924   15   17   31   33
 925   16   18   32   34
 926   17   19   33   35
 927   18   20   34   36
 928    1    3   19   21
 929    2    4   20   22
 930    3    5   21   23
 931    4    6   22   24
 932    5    7   23   25
 933    6    8   24   26
 934    7    9   25   27
 935    8   10   26   28
 936    9   11   27   29
 937   10   12   28   30
 938   11   13   29   31
 939   12   14   30   32
 940   13   15   31   33
 941   14   16   32   34
 942   15   17   33   35
 943   16   18   34   36
 944    1    3   21   23
 945    2    4   22   24
 946    3    5   23   25
 947    4    6   24   26
 948    5    7   25   27
 949    6    8   26   28
 950    7    9   27   29
 951    8   10   28   30
 952    9   11   29   31
 953   10   12   30   32
 954   11   13   31   33
 955   12   14   32   34
 956   13   15   33   35
 957   14   16   34   36
 958    1    3   23   25
 959    2    4   24   26
 960    3    5   25   27
 961    4    6   26   28
 962    5    7   27   29
 963    6    8   28   30
 964    7    9   29   31
 965    8   10   30   32
 966    9   11   31   33
 967   10   12   32   34
 968   11   13   33   35
 969   12   14   34   36
 970    1    3   25   27
 971    2    4   26   28
 972    3    5   27   29
 973    4    6   28   30
 974    5    7   29   31
 975    6    8   30   32
 976    7    9   31   33
 977    8   10   32   34
 978    9   11   33   35
 979   10   12   34   36
 980    1    3   27   29
 981    2    4   28   30
 982    3    5   29   31
 983    4    6   30   32
 984    5    7   31   33
 985    6    8   32   34
 986    7    9   33   35
 987    8   10   34   36
 988    1    3   29   31
 989    2    4   30   32
 990    3    5   31   33
 991    4    6   32   34
 992    5    7   33   35
 993    6    8   34   36
 994    1    3   31   33
 995    2    4   32   34
 996    3    5   33   35
 997    4    6   34   36
 998    1    3   33   35
 999    2    4   34   36
1000    1    4    7   10
1001    2    5    8   11
1002    3    6    9   12
1003    4    7   10   13
1004    5    8   11   14
1005    6    9   12   15
1006    7   10   13   16
1007    8   11   14   17
1008    9   12   15   18
1009   10   13   16   19
1010   11   14   17   20
1011   12   15   18   21
1012   13   16   19   22
1013   14   17   20   23
1014   15   18   21   24
1015   16   19   22   25
1016   17   20   23   26
1017   18   21   24   27
1018   19   22   25   28
1019   20   23   26   29
1020   21   24   27   30
1021   22   25   28   31
1022   23   26   29   32
1023   24   27   30   33
1024   25   28   31   34
1025   26   29   32   35
1026   27   30   33   36
1027    1    4   10   13
1028    2    5   11   14
1029    3    6   12   15
1030    4    7   13   16
1031    5    8   14   17
1032    6    9   15   18
1033    7   10   16   19
1034    8   11   17   20
1035    9   12   18   21
1036   10   13   19   22
1037   11   14   20   23
1038   12   15   21   24
1039   13   16   22   25
1040   14   17   23   26
1041   15   18   24   27
1042   16   19   25   28
1043   17   20   26   29
1044   18   21   27   30
1045   19   22   28   31
1046   20   23   29   32
1047   21   24   30   33
1048   22   25   31   34
1049   23   26   32   35
1050   24   27   33   36
1051    1    4   13   16
1052    2    5   14   17
1053    3    6   15   18
1054    4    7   16   19
1055    5    8   17   20
1056    6    9   18   21
1057    7   10   19   22
1058    8   11   20   23
1059    9   12   21   24
1060   10   13   22   25
1061   11   14   23   26
1062   12   15   24   27
1063   13   16   25   28
1064   14   17   26   29
1065   15   18   27   30
1066   16   19   28   31
1067   17   20   29   32
1068   18   21   30   33
1069   19   22   31   34
1070   20   23   32   35
1071   21   24   33   36
1072    1    4   16   19
1073    2    5   17   20
1074    3    6   18   21
1075    4    7   19   22
1076    5    8   20   23
1077    6    9   21   24
1078    7   10   22   25
1079    8   11   23   26
1080    9   12   24   27
1081   10   13   25   28
1082   11   14   26   29
1083   12   15   27   30
1084   13   16   28   31
1085   14   17   29   32
1086   15   18   30   33
1087   16   19   31   34
1088   17   20   32   35
1089   18   21   33   36
1090    1    4   19   22
1091    2    5   20   23
1092    3    6   21   24
1093    4    7   22   25
1094    5    8   23   26
1095    6    9   24   27
1096    7   10   25   28
1097    8   11   26   29
1098    9   12   27   30
1099   10   13   28   31
1100   11   14   29   32
1101   12   15   30   33
1102   13   16   31   34
1103   14   17   32   35
1104   15   18   33   36
1105    1    4   22   25
1106    2    5   23   26
1107    3    6   24   27
1108    4    7   25   28
1109    5    8   26   29
1110    6    9   27   30
1111    7   10   28   31
1112    8   11   29   32
1113    9   12   30   33
1114   10   13   31   34
1115   11   14   32   35
1116   12   15   33   36
1117    1    4   25   28
1118    2    5   26   29
1119    3    6   27   30
1120    4    7   28   31
1121    5    8   29   32
1122    6    9   30   33
1123    7   10   31   34
1124    8   11   32   35
1125    9   12   33   36
1126    1    4   28   31
1127    2    5   29   32
1128    3    6   30   33
1129    4    7   31   34
1130    5    8   32   35
1131    6    9   33   36
1132    1    4   31   34
1133    2    5   32   35
1134    3    6   33   36
1135    1    5    9   13
1136    2    6   10   14
1137    3    7   11   15
1138    4    8   12   16
1139    5    9   13   17
1140    6   10   14   18
1141    7   11   15   19
1142    8   12   16   20
1143    9   13   17   21
1144   10   14   18   22
1145   11   15   19   23
1146   12   16   20   24
1147   13   17   21   25
1148   14   18   22   26
1149   15   19   23   27
1150   16   20   24   28
1151   17   21   25   29
1152   18   22   26   30
1153   19   23   27   31
1154   20   24   28   32
1155   21   25   29   33
1156   22   26   30   34
1157   23   27   31   35
1158   24   28   32   36
1159    1    5   13   17
1160    2    6   14   18
1161    3    7   15   19
1162    4    8   16   20
1163    5    9   17   21
1164    6   10   18   22
1165    7   11   19   23
1166    8   12   20   24
1167    9   13   21   25
1168   10   14   22   26
1169   11   15   23   27
1170   12   16   24   28
1171   13   17   25   29
1172   14   18   26   30
1173   15   19   27   31
1174   16   20   28   32
1175   17   21   29   33
1176   18   22   30   34
1177   19   23   31   35
1178   20   24   32   36
1179    1    5   17   21
1180    2    6   18   22
1181    3    7   19   23
1182    4    8   20   24
1183    5    9   21   25
1184    6   10   22   26
1185    7   11   23   27
1186    8   12   24   28
1187    9   13   25   29
1188   10   14   26   30
1189   11   15   27   31
1190   12   16   28   32
1191   13   17   29   33
1192   14   18   30   34
1193   15   19   31   35
1194   16   20   32   36
1195    1    5   21   25
1196    2    6   22   26
1197    3    7   23   27
1198    4    8   24   28
1199    5    9   25   29
1200    6   10   26   30
1201    7   11   27   31
1202    8   12   28   32
1203    9   13   29   33
1204   10   14   30   34
1205   11   15   31   35
1206   12   16   32   36
1207    1    5   25   29
1208    2    6   26   30
1209    3    7   27   31
1210    4    8   28   32
1211    5    9   29   33
1212    6   10   30   34
1213    7   11   31   35
1214    8   12   32   36
1215    1    5   29   33
1216    2    6   30   34
1217    3    7   31   35
1218    4    8   32   36
1219    1    6   11   16
1220    2    7   12   17
1221    3    8   13   18
1222    4    9   14   19
1223    5   10   15   20
1224    6   11   16   21
1225    7   12   17   22
1226    8   13   18   23
1227    9   14   19   24
1228   10   15   20   25
1229   11   16   21   26
1230   12   17   22   27
1231   13   18   23   28
1232   14   19   24   29
1233   15   20   25   30
1234   16   21   26   31
1235   17   22   27   32
1236   18   23   28   33
1237   19   24   29   34
1238   20   25   30   35
1239   21   26   31   36
1240    1    6   16   21
1241    2    7   17   22
1242    3    8   18   23
1243    4    9   19   24
1244    5   10   20   25
1245    6   11   21   26
1246    7   12   22   27
1247    8   13   23   28
1248    9   14   24   29
1249   10   15   25   30
1250   11   16   26   31
1251   12   17   27   32
1252   13   18   28   33
1253   14   19   29   34
1254   15   20   30   35
1255   16   21   31   36
1256    1    6   21   26
1257    2    7   22   27
1258    3    8   23   28
1259    4    9   24   29
1260    5   10   25   30
1261    6   11   26   31
1262    7   12   27   32
1263    8   13   28   33
1264    9   14   29   34
1265   10   15   30   35
1266   11   16   31   36
1267    1    6   26   31
1268    2    7   27   32
1269    3    8   28   33
1270    4    9   29   34
1271    5   10   30   35
1272    6   11   31   36
1273    1    6   31   36
1274    1    7   13   19
1275    2    8   14   20
1276    3    9   15   21
1277    4   10   16   22
1278    5   11   17   23
1279    6   12   18   24
1280    7   13   19   25
1281    8   14   20   26
1282    9   15   21   27
1283   10   16   22   28
1284   11   17   23   29
1285   12   18   24   30
1286   13   19   25   31
1287   14   20   26   32
1288   15   21   27   33
1289   16   22   28   34
1290   17   23   29   35
1291   18   24   30   36
1292    1    7   19   25
1293    2    8   20   26
1294    3    9   21   27
1295    4   10   22   28
1296    5   11   23   29
1297    6   12   24   30
1298    7   13   25   31
1299    8   14   26   32
1300    9   15   27   33
1301   10   16   28   34
1302   11   17   29   35
1303   12   18   30   36
1304    1    7   25   31
1305    2    8   26   32
1306    3    9   27   33
1307    4   10   28   34
1308    5   11   29   35
1309    6   12   30   36
1310    1    8   15   22
1311    2    9   16   23
1312    3   10   17   24
1313    4   11   18   25
1314    5   12   19   26
1315    6   13   20   27
1316    7   14   21   28
1317    8   15   22   29
1318    9   16   23   30
1319   10   17   24   31
1320   11   18   25   32
1321   12   19   26   33
1322   13   20   27   34
1323   14   21   28   35
1324   15   22   29   36
1325    1    8   22   29
1326    2    9   23   30
1327    3   10   24   31
1328    4   11   25   32
1329    5   12   26   33
1330    6   13   27   34
1331    7   14   28   35
1332    8   15   29   36
1333    1    8   29   36
1334    1    9   17   25
1335    2   10   18   26
1336    3   11   19   27
1337    4   12   20   28
1338    5   13   21   29
1339    6   14   22   30
1340    7   15   23   31
1341    8   16   24   32
1342    9   17   25   33
1343   10   18   26   34
1344   11   19   27   35
1345   12   20   28   36
1346    1    9   25   33
1347    2   10   26   34
1348    3   11   27   35
1349    4   12   28   36
1350    1   10   19   28
1351    2   11   20   29
1352    3   12   21   30
1353    4   13   22   31
1354    5   14   23   32
1355    6   15   24   33
1356    7   16   25   34
1357    8   17   26   35
1358    9   18   27   36
1359    1   11   21   31
1360    2   12   22   32
1361    3   13   23   33
1362    4   14   24   34
1363    5   15   25   35
1364    6   16   26   36
1365    1   12   23   34
1366    2   13   24   35
1367    3   14   25   36
