# X Y Z
 1 0.00 0.00 0.00
 2 1.00 0.00 0.00
 3 2.00 0.00 0.00
 4 3.00 0.00 0.00
 5 4.00 0.00 0.00
 6 5.00 0.00 0.00
 7 6.00 0.00 0.00
 8 7.00 0.00 0.00
 9 8.00 0.00 0.00
10 9.00 0.00 0.00
11 10.00 0.00 0.00
12 11.00 0.00 0.00
13 12.00 0.00 0.00
14 13.00 0.00 0.00
15 14.00 0.00 0.00
16 15.00 0.00 0.00
17 16.00 0.00 0.00
18 17.00 0.00 0.00
19 18.00 0.00 0.00
20 19.00 0.00 0.00
21 20.00 0.00 0.00
22 21.00 0.00 0.00
23 22.00 0.00 0.00
24 23.00 0.00 0.00
25 24.00 0.00 0.00
26 25.00 0.00 0.00
27 26.00 0.00 0.00
28 27.00 0.00 0.00
29 28.00 0.00 0.00
30 29.00 0.00 0.00
31 30.00 0.00 0.00
32 31.00 0.00 0.00
33 32.00 0.00 0.00
34 33.00 0.00 0.00
35 34.00 0.00 0.00
36 35.00 0.00 0.00
