50 1e-5 1e-20 20 2e-3 0 5e-3 1e-3 4 0 5e-1 0.9 0.6 3 5e-1 5e-1 0.15 3 2 5 0.9 5e-1 1e-1 8e-1 4e-1 1
50 1e-5 1e-20 20 2e-3 0 5e-3 1e-3 4 0 5e-1 0.9 0.6 3 5e-1 5e-1 0.75 3 2 5 0.9 5e-1 1e-1 8e-1 4e-1 1
50 1e-5 1e-20 20 2e-3 0 5e-3 1e-3 4 0 5e-1 1.2 0.6 3 5e-1 5e-1 0.15 3 2 5 0.9 5e-1 1e-1 8e-1 4e-1 1
50 1e-5 1e-20 20 2e-3 0 5e-3 1e-3 4 0 5e-1 1.2 0.6 3 5e-1 5e-1 0.75 3 2 5 0.9 5e-1 1e-1 8e-1 4e-1 1
50 1e-5 1e-20 20 2e-3 0 5e-3 1e-3 4 0 5e-1 1.2 0.6 3 5e-1 5e-1 0.15 3 2 5 0.9 5e-1 1e-1 8e-1 4e-1 1
50 1e-5 1e-20 20 2e-3 0 5e-3 1e-3 4 0 5e-1 1.2 1 3 5e-1 5e-1 0.15 3 2 5 0.9 5e-1 1e-1 8e-1 4e-1 1
50 1e-5 1e-20 20 2e-3 0 5e-3 1e-3 4 0 5e-1 1.2 0.7 3 5e-1 5e-1 0.15 3 2 5 0.9 0 0 0 0 1
50 1e-5 1e-20 20 2e-3 0 5e-3 1e-3 4 0 5e-1 1.2 0.7 3 0 0 0.15 3 2 5 0.9 0 0 0 0 1
50 1e-5 1e-20 20 2e-3 0 5e-3 1e-3 4 0 5e-1 1.2 0.7 3 1e-1 1e-1 0.15 3 2 5 0.9 0 0 0 0 1
50 1e-5 1e-20 20 2e-3 0 5e-3 1e-3 4 0 5e-1 1.2 0.7 3 1e-1 1e-1 0.15 3 2 5 0.9 5e-1 5e-2 8e-1 5e-1 1
50 1e-5 1e-20 20 2e-3 0 5e-3 1e-3 4 0 5e-1 1.2 0.7 3 3e-1 3e-1 0.15 3 2 5 0.9 5e-1 5e-2 8e-1 5e-1 1
50 1e-5 1e-20 20 2e-3 0 5e-3 1e-3 4 0 5e-1 1.2 0.7 3 3e-1 3e-1 0.15 3 2 5 0.9 0 0 0 0 1
50 1e-5 1e-20 20 2e-3 0 5e-3 1e-3 4 0 5e-1 1.2 0.7 3 3e-1 3e-1 0.5 4 2 5 0.9 5e-1 5e-2 8e-1 5e-1 1
50 1e-5 1e-20 20 2e-3 0 5e-3 1e-3 4 0 5e-1 1.2 0.7 3 3e-1 3e-1 0.3 4 2 5 0.9 1e-1 1e-2 1e-1 5e-2 1
50 1e-5 1e-20 20 2e-3 0 5e-3 1e-3 4 0 0 1.2 0.7 3 3e-1 3e-1 0.3 5 2 2 0.8 1e-1 1e-2 1e-1 5e-2 1
