100 1e-10 5e-3 0 10e-3 5e-3 0 2e-1 1.2
100 1e-10 5e-3 5e-3 10e-3 5e-3 1e-3 5e-2 1.2
100 1e-10 5e-3 0 10e-3 5e-3 0 2e-1 1.2
100 1e-10 5e-3 0 10e-3 5e-3 0 2e-1 1.2
100 1e-10 5e-3 0 10e-3 5e-3 0 2e-1 0.6
100 1e-10 5e-3 0 10e-3 5e-3 0 2e-1 0.8
100 1e-10 5e-3 0 10e-3 5e-3 0 2e-1 1.6
400 1e-10 5e-3 0 10e-3 5e-3 0 2e-1 0.8
400 1e-10 5e-3 0 10e-3 5e-3 0 2e-1 0.8
400 1e-10 5e-3 0 10e-3 5e-3 0 2e-1 1.1
400 1e-10 5e-3 0 10e-3 5e-3 0 2e-1 1.1
400 1e-10 5e-3 0 10e-3 5e-3 0 2e-1 1.2
400 1e-10 5e-3 0 10e-3 5e-3 0 2e-1 1.1
400 1e-10 5e-3 0 10e-3 5e-3 0 2e-1 1.1
400 1e-10 5e-3 0 10e-3 5e-3 0 2e-1 1.1
400 1e-10 4.5e-3 0 10e-3 5e-3 0 2e-1 1.1
400 1e-10 5.5e-3 0 10e-3 5e-3 0 2e-1 1.1
